Testing started at 9:48 AM ...
"C:\Program Files\Python\python.exe" "C:\Program Files\JetBrains\PyCharm 2019.3\plugins\python\helpers\pycharm\_jb_unittest_runner.py" --path D:/USU/Assignments/IntelligentSystems/hw07/mnist_dt_rf_uts.py
Launching unittests with arguments python -m unittest D:/USU/Assignments/IntelligentSystems/hw07/mnist_dt_rf_uts.py in D:\USU\Assignments\IntelligentSystems\hw07


Process finished with exit code 0
              precision    recall  f1-score   support

           0       0.92      0.95      0.93       980
           1       0.94      0.96      0.95      1135
           2       0.87      0.82      0.85      1032
           3       0.83      0.84      0.84      1010
           4       0.86      0.87      0.87       982
           5       0.82      0.82      0.82       892
           6       0.89      0.89      0.89       958
           7       0.90      0.91      0.90      1028
           8       0.81      0.79      0.80       974
           9       0.84      0.84      0.84      1009

    accuracy                           0.87     10000
   macro avg       0.87      0.87      0.87     10000
weighted avg       0.87      0.87      0.87     10000

              precision    recall  f1-score   support

           0       0.93      0.93      0.93       991
           1       0.94      0.95      0.95      1064
           2       0.87      0.87      0.87       990
           3       0.85      0.85      0.85      1030
           4       0.89      0.87      0.88       983
           5       0.86      0.82      0.84       915
           6       0.90      0.91      0.91       967
           7       0.89      0.93      0.91      1090
           8       0.84      0.82      0.83      1009
           9       0.84      0.87      0.85       961

    accuracy                           0.88     10000
   macro avg       0.88      0.88      0.88     10000
weighted avg       0.88      0.88      0.88     10000

              precision    recall  f1-score   support

           0       0.93      0.93      0.93       980
           1       0.94      0.96      0.95      1135
           2       0.87      0.84      0.85      1032
           3       0.83      0.85      0.84      1010
           4       0.87      0.87      0.87       982
           5       0.80      0.82      0.81       892
           6       0.88      0.88      0.88       958
           7       0.90      0.90      0.90      1028
           8       0.83      0.78      0.81       974
           9       0.85      0.85      0.85      1009

    accuracy                           0.87     10000
   macro avg       0.87      0.87      0.87     10000
weighted avg       0.87      0.87      0.87     10000

              precision    recall  f1-score   support

           0       0.93      0.92      0.92       991
           1       0.94      0.95      0.95      1064
           2       0.88      0.88      0.88       990
           3       0.86      0.85      0.85      1030
           4       0.88      0.88      0.88       983
           5       0.86      0.82      0.84       915
           6       0.91      0.92      0.91       967
           7       0.90      0.93      0.91      1090
           8       0.84      0.82      0.83      1009
           9       0.84      0.87      0.85       961

    accuracy                           0.88     10000
   macro avg       0.88      0.88      0.88     10000
weighted avg       0.88      0.88      0.88     10000

              precision    recall  f1-score   support

           0       0.91      0.94      0.93       980
           1       0.94      0.96      0.95      1135
           2       0.89      0.84      0.86      1032
           3       0.82      0.85      0.83      1010
           4       0.86      0.87      0.87       982
           5       0.81      0.81      0.81       892
           6       0.89      0.88      0.88       958
           7       0.90      0.91      0.90      1028
           8       0.83      0.79      0.81       974
           9       0.84      0.85      0.84      1009

    accuracy                           0.87     10000
   macro avg       0.87      0.87      0.87     10000
weighted avg       0.87      0.87      0.87     10000

              precision    recall  f1-score   support

           0       0.94      0.91      0.92       991
           1       0.94      0.95      0.95      1064
           2       0.87      0.87      0.87       990
           3       0.84      0.86      0.85      1030
           4       0.89      0.87      0.88       983
           5       0.85      0.82      0.83       915
           6       0.91      0.92      0.92       967
           7       0.90      0.93      0.91      1090
           8       0.84      0.83      0.83      1009
           9       0.84      0.86      0.85       961

    accuracy                           0.88     10000
   macro avg       0.88      0.88      0.88     10000
weighted avg       0.88      0.88      0.88     10000

              precision    recall  f1-score   support

           0       0.91      0.93      0.92       980
           1       0.95      0.96      0.95      1135
           2       0.88      0.84      0.86      1032
           3       0.84      0.86      0.85      1010
           4       0.87      0.86      0.87       982
           5       0.81      0.83      0.82       892
           6       0.88      0.89      0.89       958
           7       0.90      0.91      0.90      1028
           8       0.82      0.78      0.80       974
           9       0.84      0.84      0.84      1009

    accuracy                           0.87     10000
   macro avg       0.87      0.87      0.87     10000
weighted avg       0.87      0.87      0.87     10000

              precision    recall  f1-score   support

           0       0.94      0.92      0.93       991
           1       0.94      0.96      0.95      1064
           2       0.89      0.87      0.88       990
           3       0.86      0.85      0.86      1030
           4       0.89      0.87      0.88       983
           5       0.84      0.82      0.83       915
           6       0.90      0.92      0.91       967
           7       0.89      0.93      0.91      1090
           8       0.84      0.82      0.83      1009
           9       0.83      0.86      0.85       961

    accuracy                           0.88     10000
   macro avg       0.88      0.88      0.88     10000
weighted avg       0.88      0.88      0.88     10000

              precision    recall  f1-score   support

           0       0.91      0.93      0.92       980
           1       0.95      0.96      0.95      1135
           2       0.89      0.84      0.86      1032
           3       0.84      0.85      0.85      1010
           4       0.88      0.86      0.87       982
           5       0.81      0.83      0.82       892
           6       0.89      0.88      0.88       958
           7       0.89      0.91      0.90      1028
           8       0.82      0.80      0.81       974
           9       0.84      0.85      0.85      1009

    accuracy                           0.87     10000
   macro avg       0.87      0.87      0.87     10000
weighted avg       0.87      0.87      0.87     10000

              precision    recall  f1-score   support

           0       0.93      0.92      0.92       991
           1       0.94      0.96      0.95      1064
           2       0.88      0.87      0.88       990
           3       0.85      0.86      0.86      1030
           4       0.89      0.86      0.88       983
           5       0.86      0.82      0.84       915
           6       0.91      0.93      0.92       967
           7       0.90      0.92      0.91      1090
           8       0.84      0.81      0.82      1009
           9       0.82      0.87      0.84       961

    accuracy                           0.88     10000
   macro avg       0.88      0.88      0.88     10000
weighted avg       0.88      0.88      0.88     10000

              precision    recall  f1-score   support

           0       0.91      0.94      0.92       980
           1       0.94      0.96      0.95      1135
           2       0.88      0.84      0.86      1032
           3       0.84      0.85      0.85      1010
           4       0.87      0.87      0.87       982
           5       0.81      0.82      0.82       892
           6       0.89      0.88      0.88       958
           7       0.90      0.91      0.90      1028
           8       0.82      0.79      0.80       974
           9       0.85      0.85      0.85      1009

    accuracy                           0.87     10000
   macro avg       0.87      0.87      0.87     10000
weighted avg       0.87      0.87      0.87     10000

              precision    recall  f1-score   support

           0       0.94      0.92      0.93       991
           1       0.94      0.95      0.95      1064
           2       0.88      0.87      0.87       990
           3       0.85      0.85      0.85      1030
           4       0.89      0.87      0.88       983
           5       0.85      0.82      0.84       915
           6       0.92      0.92      0.92       967
           7       0.89      0.93      0.91      1090
           8       0.84      0.83      0.83      1009
           9       0.84      0.86      0.85       961

    accuracy                           0.88     10000
   macro avg       0.88      0.88      0.88     10000
weighted avg       0.88      0.88      0.88     10000

              precision    recall  f1-score   support

           0       0.90      0.98      0.94       980
           1       0.96      0.99      0.98      1135
           2       0.90      0.93      0.91      1032
           3       0.86      0.91      0.88      1010
           4       0.92      0.92      0.92       982
           5       0.89      0.87      0.88       892
           6       0.96      0.92      0.94       958
           7       0.94      0.92      0.93      1028
           8       0.91      0.86      0.88       974
           9       0.93      0.87      0.90      1009

    accuracy                           0.92     10000
   macro avg       0.92      0.92      0.92     10000
weighted avg       0.92      0.92      0.92     10000

[[ 957    0    3    1    2    3    5    3    4    2]
 [   1 1123    1    6    0    2    0    1    1    0]
 [  17    6  955   12    3    3    6   13   15    2]
 [   2    4   25  918    1   26    1    8   20    5]
 [  11    4    7    9  900    2    7    6    6   30]
 [  17    3    5   49    5  778   11    7    9    8]
 [  26    3   10    2    9   15  885    0    6    2]
 [   4    6   33   10    8    4    2  943    5   13]
 [  12    7   18   39   17   22    7    8  835    9]
 [  16    8    5   22   33   16    0   17   13  879]]
              precision    recall  f1-score   support

           0       0.95      0.99      0.97       980
           1       0.98      0.99      0.99      1135
           2       0.93      0.95      0.94      1032
           3       0.92      0.94      0.93      1010
           4       0.94      0.95      0.95       982
           5       0.93      0.92      0.93       892
           6       0.97      0.96      0.97       958
           7       0.96      0.93      0.95      1028
           8       0.95      0.92      0.93       974
           9       0.93      0.91      0.92      1009

    accuracy                           0.95     10000
   macro avg       0.95      0.95      0.95     10000
weighted avg       0.95      0.95      0.95     10000

[[ 968    0    0    2    0    4    2    1    2    1]
 [   0 1124    2    4    0    1    1    0    2    1]
 [   6    2  979   11    2    3    5   11    8    5]
 [   2    2   15  949    1   15    1   10   13    2]
 [   1    1    3    0  935    1    4    4    5   28]
 [   7    2    5   33    5  819    6    2    7    6]
 [  12    3    2    0    7    8  922    0    3    1]
 [   3    9   27    8    5    0    0  958    5   13]
 [  10    0   10   16    8   16    6    5  895    8]
 [  10    4    5   11   32   11    1    8    6  921]]
              precision    recall  f1-score   support

           0       0.96      0.99      0.97       980
           1       0.98      0.99      0.99      1135
           2       0.96      0.96      0.96      1032
           3       0.93      0.95      0.94      1010
           4       0.96      0.96      0.96       982
           5       0.96      0.94      0.95       892
           6       0.96      0.97      0.97       958
           7       0.97      0.96      0.96      1028
           8       0.96      0.93      0.94       974
           9       0.95      0.94      0.94      1009

    accuracy                           0.96     10000
   macro avg       0.96      0.96      0.96     10000
weighted avg       0.96      0.96      0.96     10000

[[ 968    1    1    0    0    3    4    1    2    0]
 [   0 1123    3    4    1    1    3    0    0    0]
 [  10    1  990    8    5    0    3    9    6    0]
 [   0    0   11  960    0   14    0    9   12    4]
 [   3    0    1    0  946    0    7    0    4   21]
 [   3    3    2   25    1  840   10    1    5    2]
 [  10    4    0    0    6    6  929    0    2    1]
 [   1    4   18    6    2    0    0  982    3   12]
 [   6    1    4   15    8    9    8    4  910    9]
 [   8    6    0   12   16    6    1    7    8  945]]
              precision    recall  f1-score   support

           0       0.96      0.99      0.98       980
           1       0.99      0.99      0.99      1135
           2       0.95      0.96      0.96      1032
           3       0.94      0.94      0.94      1010
           4       0.96      0.96      0.96       982
           5       0.96      0.94      0.95       892
           6       0.97      0.97      0.97       958
           7       0.96      0.96      0.96      1028
           8       0.95      0.94      0.94       974
           9       0.95      0.94      0.95      1009

    accuracy                           0.96     10000
   macro avg       0.96      0.96      0.96     10000
weighted avg       0.96      0.96      0.96     10000

[[ 970    0    0    0    0    3    3    1    2    1]
 [   0 1121    2    2    0    2    3    0    4    1]
 [   7    0  991    4    3    3    6   10    8    0]
 [   2    0   16  951    0   18    0   10    9    4]
 [   2    0    1    0  946    0    6    2    3   22]
 [   4    2    1   22    3  841    7    3    8    1]
 [  10    3    1    0    6    2  933    0    3    0]
 [   0    3   22    3    2    0    0  985    4    9]
 [   7    0    3   15    7    6    6    3  917   10]
 [   4    5    2   10   16    5    2    7   10  948]]
              precision    recall  f1-score   support

           0       0.97      0.99      0.98       980
           1       0.99      0.99      0.99      1135
           2       0.95      0.97      0.96      1032
           3       0.95      0.96      0.95      1010
           4       0.97      0.97      0.97       982
           5       0.96      0.95      0.95       892
           6       0.97      0.97      0.97       958
           7       0.98      0.96      0.97      1028
           8       0.96      0.95      0.96       974
           9       0.95      0.95      0.95      1009

    accuracy                           0.96     10000
   macro avg       0.96      0.96      0.96     10000
weighted avg       0.96      0.96      0.96     10000

[[ 968    0    2    1    0    4    3    1    1    0]
 [   0 1124    3    2    0    2    1    1    2    0]
 [   5    1 1002    4    2    0    4    6    5    3]
 [   0    1    9  965    0   12    2    9    7    5]
 [   1    1    1    0  951    0    6    0    5   17]
 [   4    1    2   20    2  845   10    2    5    1]
 [  10    4    2    0    6    6  927    0    3    0]
 [   2    2   21    4    2    0    0  982    3   12]
 [   3    1    5   11    4    6    5    2  928    9]
 [   6    4    3   11   12    4    1    2   10  956]]
              precision    recall  f1-score   support

           0       0.97      0.99      0.98       980
           1       0.99      0.99      0.99      1135
           2       0.95      0.97      0.96      1032
           3       0.95      0.95      0.95      1010
           4       0.97      0.97      0.97       982
           5       0.97      0.96      0.96       892
           6       0.97      0.98      0.97       958
           7       0.97      0.95      0.96      1028
           8       0.95      0.95      0.95       974
           9       0.95      0.95      0.95      1009

    accuracy                           0.96     10000
   macro avg       0.96      0.96      0.96     10000
weighted avg       0.96      0.96      0.96     10000

[[ 969    0    1    0    0    2    3    1    4    0]
 [   0 1120    4    3    0    2    4    0    1    1]
 [   6    0  996    6    2    0    5    9    7    1]
 [   0    0   15  960    0    8    0   11   12    4]
 [   2    0    2    0  948    1    5    0    4   20]
 [   5    1    1   14    4  852    3    3    6    3]
 [   6    3    0    0    4    5  935    0    5    0]
 [   1    6   22    3    1    1    0  981    3   10]
 [   4    0    7    8    5    5    6    7  922   10]
 [   6    4    1   14   11    6    1    4    8  954]]
              precision    recall  f1-score   support

           0       0.97      0.99      0.98       980
           1       0.99      0.99      0.99      1135
           2       0.96      0.97      0.96      1032
           3       0.95      0.96      0.96      1010
           4       0.97      0.97      0.97       982
           5       0.97      0.96      0.96       892
           6       0.97      0.98      0.97       958
           7       0.97      0.96      0.96      1028
           8       0.97      0.95      0.96       974
           9       0.96      0.95      0.96      1009

    accuracy                           0.97     10000
   macro avg       0.97      0.97      0.97     10000
weighted avg       0.97      0.97      0.97     10000

[[ 969    0    0    0    0    4    3    1    2    1]
 [   0 1125    3    2    0    1    2    0    1    1]
 [   6    0  999    5    3    0    3    9    7    0]
 [   0    0   11  972    0    8    1    9    7    2]
 [   1    0    2    0  957    0    5    1    2   14]
 [   2    0    0   16    3  856    6    1    4    4]
 [   5    3    1    1    5    6  935    0    2    0]
 [   1    5   20    4    2    0    0  984    2   10]
 [   3    0    6    8    6   10    5    5  924    7]
 [   9    5    0   13   10    2    1    4    5  960]]
              precision    recall  f1-score   support

           0       0.97      0.99      0.98       980
           1       0.99      0.99      0.99      1135
           2       0.96      0.97      0.96      1032
           3       0.95      0.96      0.96      1010
           4       0.97      0.97      0.97       982
           5       0.97      0.96      0.97       892
           6       0.97      0.98      0.98       958
           7       0.97      0.96      0.97      1028
           8       0.96      0.95      0.95       974
           9       0.96      0.95      0.95      1009

    accuracy                           0.97     10000
   macro avg       0.97      0.97      0.97     10000
weighted avg       0.97      0.97      0.97     10000

[[ 970    0    2    0    0    1    3    1    3    0]
 [   0 1121    2    4    1    1    3    0    3    0]
 [   6    1  997    6    1    0    4   10    7    0]
 [   1    0   10  973    0    6    0    9    8    3]
 [   1    0    3    0  955    0    6    0    2   15]
 [   2    0    1   18    3  856    4    1    4    3]
 [   9    3    0    0    4    3  936    0    3    0]
 [   1    7   17    1    1    1    0  987    3   10]
 [   5    0    4   10    5    9    3    3  924   11]
 [   9    6    1   12   13    1    2    4    5  956]]
              precision    recall  f1-score   support

           0       0.97      0.99      0.98       980
           1       0.99      0.99      0.99      1135
           2       0.96      0.97      0.96      1032
           3       0.96      0.96      0.96      1010
           4       0.97      0.97      0.97       982
           5       0.96      0.96      0.96       892
           6       0.98      0.97      0.97       958
           7       0.97      0.96      0.97      1028
           8       0.96      0.95      0.95       974
           9       0.96      0.95      0.95      1009

    accuracy                           0.97     10000
   macro avg       0.97      0.97      0.97     10000
weighted avg       0.97      0.97      0.97     10000

[[ 970    1    1    0    0    2    3    1    2    0]
 [   0 1122    3    3    1    2    2    1    1    0]
 [   6    0 1001    6    1    0    3    8    7    0]
 [   0    0   11  970    0    9    0    9    8    3]
 [   1    0    0    0  955    0    5    0    3   18]
 [   3    1    1   13    3  856    6    1    5    3]
 [   7    3    1    0    6    6  930    0    5    0]
 [   1    1   21    3    2    0    0  989    5    6]
 [   5    0    4   10    6    6    3    5  925   10]
 [   5    4    2    9   14    7    1    6    6  955]]
              precision    recall  f1-score   support

           0       0.97      0.99      0.98       980
           1       0.99      0.99      0.99      1135
           2       0.96      0.97      0.96      1032
           3       0.96      0.96      0.96      1010
           4       0.98      0.97      0.97       982
           5       0.97      0.97      0.97       892
           6       0.97      0.98      0.98       958
           7       0.97      0.96      0.97      1028
           8       0.96      0.95      0.96       974
           9       0.96      0.95      0.95      1009

    accuracy                           0.97     10000
   macro avg       0.97      0.97      0.97     10000
weighted avg       0.97      0.97      0.97     10000

[[ 972    0    1    0    0    1    2    1    2    1]
 [   0 1123    1    4    0    2    3    0    1    1]
 [   6    0  998    8    1    0    3    9    6    1]
 [   1    0   13  970    0    6    0    9    7    4]
 [   1    0    1    0  955    0    6    0    3   16]
 [   3    0    0   10    2  861    6    2    7    1]
 [   7    3    0    0    3    4  938    0    3    0]
 [   1    3   22    0    2    0    0  990    2    8]
 [   2    0    4    5    5   10    5    4  930    9]
 [   6    4    2   13   10    3    1    5    9  956]]
              precision    recall  f1-score   support

           0       0.97      0.99      0.98       980
           1       0.99      0.99      0.99      1135
           2       0.95      0.97      0.96      1032
           3       0.96      0.97      0.96      1010
           4       0.98      0.97      0.97       982
           5       0.97      0.96      0.97       892
           6       0.98      0.98      0.98       958
           7       0.98      0.96      0.97      1028
           8       0.96      0.95      0.96       974
           9       0.95      0.95      0.95      1009

    accuracy                           0.97     10000
   macro avg       0.97      0.97      0.97     10000
weighted avg       0.97      0.97      0.97     10000

[[ 971    0    2    0    0    2    1    1    3    0]
 [   0 1122    3    3    0    2    2    0    2    1]
 [   6    1 1000    5    2    1    3    8    6    0]
 [   0    0   10  975    0    6    0    9    7    3]
 [   1    0    2    0  954    0    5    0    3   17]
 [   2    2    2   11    2  858    5    1    5    4]
 [   7    3    1    0    2    3  937    0    5    0]
 [   2    4   21    2    1    0    0  987    1   10]
 [   3    0    6   10    5    6    4    3  926   11]
 [   8    6    1   12   11    5    1    3    4  958]]
              precision    recall  f1-score   support

           0       0.97      0.99      0.98       980
           1       0.99      0.99      0.99      1135
           2       0.97      0.96      0.97      1032
           3       0.95      0.97      0.96      1010
           4       0.97      0.97      0.97       982
           5       0.98      0.96      0.97       892
           6       0.97      0.98      0.98       958
           7       0.97      0.96      0.97      1028
           8       0.96      0.95      0.96       974
           9       0.96      0.95      0.96      1009

    accuracy                           0.97     10000
   macro avg       0.97      0.97      0.97     10000
weighted avg       0.97      0.97      0.97     10000

[[ 969    0    0    0    0    2    4    1    3    1]
 [   0 1122    3    4    0    2    2    1    1    0]
 [   6    0  995    6    4    1    4    8    7    1]
 [   0    0    7  979    0    5    0    8    9    2]
 [   1    0    1    0  956    0    5    0    2   17]
 [   2    0    1   16    3  856    7    2    4    1]
 [   7    3    0    0    3    3  939    0    3    0]
 [   1    4   16    4    2    0    0  990    2    9]
 [   5    0    4    9    4    5    2    5  930   10]
 [   8    5    2   10   11    0    1    4    6  962]]
              precision    recall  f1-score   support

           0       0.97      0.99      0.98       980
           1       0.99      0.99      0.99      1135
           2       0.96      0.97      0.96      1032
           3       0.95      0.97      0.96      1010
           4       0.97      0.97      0.97       982
           5       0.97      0.96      0.96       892
           6       0.97      0.97      0.97       958
           7       0.97      0.96      0.97      1028
           8       0.96      0.95      0.96       974
           9       0.96      0.95      0.95      1009

    accuracy                           0.97     10000
   macro avg       0.97      0.97      0.97     10000
weighted avg       0.97      0.97      0.97     10000

[[ 968    0    1    0    0    3    4    1    3    0]
 [   0 1119    4    3    0    2    3    0    3    1]
 [   7    0  997    8    2    0    4    7    6    1]
 [   0    0    7  976    0    7    0    9    8    3]
 [   1    0    0    0  954    0    6    0    5   16]
 [   2    1    1   14    3  854    7    2    6    2]
 [   8    3    1    0    4    5  933    0    4    0]
 [   2    2   18    3    1    0    0  992    2    8]
 [   3    0    6    7    4    5    5    5  930    9]
 [   6    5    2   11   12    3    1    6    6  957]]
              precision    recall  f1-score   support

           0       0.97      0.99      0.98       980
           1       0.99      0.99      0.99      1135
           2       0.96      0.96      0.96      1032
           3       0.96      0.96      0.96      1010
           4       0.98      0.98      0.98       982
           5       0.97      0.96      0.96       892
           6       0.97      0.98      0.97       958
           7       0.97      0.96      0.97      1028
           8       0.96      0.95      0.95       974
           9       0.96      0.95      0.96      1009

    accuracy                           0.97     10000
   macro avg       0.97      0.97      0.97     10000
weighted avg       0.97      0.97      0.97     10000

[[ 970    0    0    0    0    2    3    1    3    1]
 [   0 1122    3    2    0    0    5    0    2    1]
 [   7    0  995    8    4    0    4    8    6    0]
 [   0    0    9  971    0    9    0    8    9    4]
 [   1    0    0    0  960    0    5    0    4   12]
 [   4    1    0   14    2  855    9    2    4    1]
 [   5    3    0    0    2    4  940    0    4    0]
 [   2    5   20    3    0    0    0  985    4    9]
 [   5    0    5    6    4    6    5    4  929   10]
 [   4    6    1   12   10    5    1    4    7  959]]
              precision    recall  f1-score   support

           0       0.97      0.99      0.98       980
           1       0.99      0.99      0.99      1135
           2       0.96      0.97      0.96      1032
           3       0.95      0.96      0.96      1010
           4       0.97      0.97      0.97       982
           5       0.97      0.95      0.96       892
           6       0.98      0.98      0.98       958
           7       0.97      0.96      0.97      1028
           8       0.96      0.96      0.96       974
           9       0.96      0.95      0.95      1009

    accuracy                           0.97     10000
   macro avg       0.97      0.97      0.97     10000
weighted avg       0.97      0.97      0.97     10000

[[ 969    0    0    0    0    2    4    1    3    1]
 [   0 1122    3    3    1    2    2    0    1    1]
 [   6    0 1002    2    3    1    3    8    7    0]
 [   0    0   12  971    0    7    0    9    8    3]
 [   1    0    0    0  954    0    5    0    4   18]
 [   3    0    2   18    3  851    5    1    6    3]
 [   5    3    0    0    4    4  939    0    3    0]
 [   1    3   22    2    1    0    0  991    2    6]
 [   4    0    6    9    4    5    3    3  931    9]
 [   6    5    2   12   14    3    1    4    4  958]]
              precision    recall  f1-score   support

           0       0.97      0.99      0.98       980
           1       0.99      0.99      0.99      1135
           2       0.96      0.97      0.96      1032
           3       0.96      0.97      0.96      1010
           4       0.97      0.97      0.97       982
           5       0.98      0.96      0.97       892
           6       0.97      0.98      0.98       958
           7       0.97      0.96      0.97      1028
           8       0.96      0.95      0.96       974
           9       0.95      0.95      0.95      1009

    accuracy                           0.97     10000
   macro avg       0.97      0.97      0.97     10000
weighted avg       0.97      0.97      0.97     10000

[[ 971    0    0    0    0    2    3    1    2    1]
 [   0 1123    3    2    0    2    2    0    2    1]
 [   6    0  996    7    3    0    4    9    7    0]
 [   0    0    7  978    0    4    0    9    8    4]
 [   1    0    1    0  951    0    7    0    3   19]
 [   2    0    1   13    3  858    7    2    5    1]
 [   6    3    0    0    2    4  940    0    3    0]
 [   1    3   19    1    2    0    0  989    2   11]
 [   4    0    6    9    4    5    3    4  927   12]
 [   6    5    1   11   12    4    1    4    6  959]]
              precision    recall  f1-score   support

           0       0.97      0.99      0.98       980
           1       0.99      0.99      0.99      1135
           2       0.96      0.97      0.96      1032
           3       0.96      0.96      0.96      1010
           4       0.97      0.97      0.97       982
           5       0.97      0.96      0.97       892
           6       0.97      0.98      0.98       958
           7       0.97      0.96      0.97      1028
           8       0.96      0.96      0.96       974
           9       0.95      0.95      0.95      1009

    accuracy                           0.97     10000
   macro avg       0.97      0.97      0.97     10000
weighted avg       0.97      0.97      0.97     10000

[[ 968    0    0    0    0    2    4    1    4    1]
 [   0 1121    3    3    1    1    3    0    2    1]
 [   5    0  997    7    4    0    3    9    7    0]
 [   1    0    8  974    0    6    0    9    7    5]
 [   1    0    1    0  956    0    5    0    2   17]
 [   2    0    0   11    3  858    7    2    5    4]
 [   7    3    0    0    2    4  939    0    3    0]
 [   2    6   20    0    1    0    0  988    2    9]
 [   6    0    4    5    4    7    2    5  931   10]
 [   6    5    3   10   13    3    1    5    5  958]]
              precision    recall  f1-score   support

           0       0.98      0.99      0.98       980
           1       0.99      0.99      0.99      1135
           2       0.96      0.97      0.97      1032
           3       0.96      0.96      0.96      1010
           4       0.98      0.97      0.97       982
           5       0.97      0.96      0.97       892
           6       0.97      0.98      0.97       958
           7       0.97      0.96      0.97      1028
           8       0.96      0.96      0.96       974
           9       0.95      0.95      0.95      1009

    accuracy                           0.97     10000
   macro avg       0.97      0.97      0.97     10000
weighted avg       0.97      0.97      0.97     10000

[[ 968    0    0    0    0    4    4    1    3    0]
 [   0 1123    3    3    0    1    3    1    1    0]
 [   5    0 1003    4    2    0    4    8    6    0]
 [   0    0    9  973    0    7    0    9    8    4]
 [   1    0    0    0  952    0    5    0    4   20]
 [   3    0    0   16    2  857    5    1    4    4]
 [   6    3    1    0    5    4  936    0    3    0]
 [   1    3   20    2    1    0    0  989    2   10]
 [   2    0    6   10    2    4    4    5  932    9]
 [   6    5    2   10   12    3    1    3    5  962]]
              precision    recall  f1-score   support

           0       0.97      0.99      0.98       980
           1       0.99      0.99      0.99      1135
           2       0.96      0.97      0.97      1032
           3       0.96      0.96      0.96      1010
           4       0.98      0.97      0.97       982
           5       0.98      0.96      0.97       892
           6       0.97      0.98      0.98       958
           7       0.97      0.96      0.97      1028
           8       0.96      0.95      0.96       974
           9       0.95      0.96      0.95      1009

    accuracy                           0.97     10000
   macro avg       0.97      0.97      0.97     10000
weighted avg       0.97      0.97      0.97     10000

[[ 970    1    0    0    0    2    4    1    2    0]
 [   0 1124    3    3    0    2    1    0    1    1]
 [   7    0 1000    5    3    0    2    9    6    0]
 [   0    0   10  974    0    6    0    8    8    4]
 [   1    0    0    0  951    0    6    0    4   20]
 [   2    0    0   11    4  860    7    2    5    1]
 [   7    3    0    0    2    3  940    0    3    0]
 [   1    2   20    1    2    0    0  989    2   11]
 [   5    0    5    8    4    3    5    5  930    9]
 [   6    5    1   11    7    4    1    4    6  964]]
              precision    recall  f1-score   support

           0       0.97      0.99      0.98       980
           1       0.99      0.99      0.99      1135
           2       0.96      0.97      0.96      1032
           3       0.96      0.96      0.96      1010
           4       0.97      0.97      0.97       982
           5       0.98      0.97      0.97       892
           6       0.97      0.98      0.98       958
           7       0.97      0.96      0.97      1028
           8       0.96      0.96      0.96       974
           9       0.96      0.95      0.96      1009

    accuracy                           0.97     10000
   macro avg       0.97      0.97      0.97     10000
weighted avg       0.97      0.97      0.97     10000

[[ 970    0    1    0    0    2    4    1    2    0]
 [   0 1122    3    3    0    2    3    0    1    1]
 [   6    0 1000    4    2    0    4   10    6    0]
 [   1    0   11  971    0    7    0    9    8    3]
 [   1    0    1    0  955    0    5    0    3   17]
 [   3    0    0    9    3  864    6    1    4    2]
 [   5    3    0    0    4    4  938    0    4    0]
 [   1    5   21    2    1    0    0  987    1   10]
 [   3    0    5    7    4    5    4    4  935    7]
 [   5    5    2   11   11    2    1    5    7  960]]
              precision    recall  f1-score   support

           0       0.97      0.99      0.98       980
           1       0.99      0.99      0.99      1135
           2       0.96      0.97      0.96      1032
           3       0.96      0.96      0.96      1010
           4       0.98      0.97      0.97       982
           5       0.98      0.96      0.97       892
           6       0.97      0.98      0.98       958
           7       0.97      0.96      0.97      1028
           8       0.96      0.95      0.96       974
           9       0.95      0.95      0.95      1009

    accuracy                           0.97     10000
   macro avg       0.97      0.97      0.97     10000
weighted avg       0.97      0.97      0.97     10000

[[ 970    0    1    0    0    2    3    1    3    0]
 [   0 1122    2    3    0    1    4    0    2    1]
 [   6    0 1001    6    2    0    3    8    6    0]
 [   0    0   11  974    0    4    0    9    8    4]
 [   1    0    2    0  955    0    5    0    2   17]
 [   3    1    0   13    4  856    7    2    5    1]
 [   6    3    1    0    2    3  940    0    3    0]
 [   1    4   21    2    1    0    0  986    2   11]
 [   2    0    5    8    5    5    6    3  928   12]
 [   8    6    2   13   10    4    1    4    4  957]]
              precision    recall  f1-score   support

           0       0.97      0.99      0.98       980
           1       0.99      0.99      0.99      1135
           2       0.96      0.97      0.97      1032
           3       0.96      0.96      0.96      1010
           4       0.97      0.97      0.97       982
           5       0.97      0.97      0.97       892
           6       0.97      0.98      0.98       958
           7       0.97      0.97      0.97      1028
           8       0.96      0.95      0.96       974
           9       0.96      0.95      0.96      1009

    accuracy                           0.97     10000
   macro avg       0.97      0.97      0.97     10000
weighted avg       0.97      0.97      0.97     10000

[[ 969    0    1    0    0    3    3    1    3    0]
 [   0 1122    2    3    0    2    2    0    3    1]
 [   6    0  999    5    3    0    4    9    6    0]
 [   0    0   10  974    0    7    0    9    7    3]
 [   1    0    0    0  955    0    5    0    3   18]
 [   3    0    0   10    3  861    7    2    4    2]
 [   6    3    0    0    3    4  938    0    4    0]
 [   1    2   18    2    1    0    0  994    3    7]
 [   3    0    5    8    8    5    5    3  926   11]
 [   7    5    2   12   11    2    1    4    4  961]]
              precision    recall  f1-score   support

           0       0.97      0.99      0.98       980
           1       0.99      0.99      0.99      1135
           2       0.96      0.97      0.96      1032
           3       0.96      0.97      0.96      1010
           4       0.97      0.97      0.97       982
           5       0.98      0.96      0.97       892
           6       0.97      0.98      0.98       958
           7       0.97      0.96      0.97      1028
           8       0.96      0.95      0.96       974
           9       0.96      0.95      0.95      1009

    accuracy                           0.97     10000
   macro avg       0.97      0.97      0.97     10000
weighted avg       0.97      0.97      0.97     10000

[[ 968    0    0    0    0    3    4    1    3    1]
 [   0 1123    2    4    0    1    3    0    1    1]
 [   6    0  999    5    3    0    4    8    7    0]
 [   0    0    9  976    0    6    0    9    6    4]
 [   1    1    2    0  955    0    4    0    3   16]
 [   2    0    0   12    3  859    6    2    4    4]
 [   6    3    0    0    3    3  939    0    4    0]
 [   1    1   19    2    1    0    0  991    3   10]
 [   4    0    6   10    4    4    4    5  929    8]
 [   5    5    2   11   12    4    1    4    5  960]]
              precision    recall  f1-score   support

           0       0.97      0.99      0.98       980
           1       0.99      0.99      0.99      1135
           2       0.97      0.97      0.97      1032
           3       0.96      0.97      0.96      1010
           4       0.97      0.97      0.97       982
           5       0.97      0.97      0.97       892
           6       0.97      0.98      0.98       958
           7       0.97      0.96      0.97      1028
           8       0.96      0.96      0.96       974
           9       0.96      0.95      0.96      1009

    accuracy                           0.97     10000
   macro avg       0.97      0.97      0.97     10000
weighted avg       0.97      0.97      0.97     10000

[[ 967    0    0    0    0    2    5    1    4    1]
 [   0 1123    3    3    1    2    2    0    1    0]
 [   6    0 1001    5    3    0    3    8    6    0]
 [   0    0    7  975    0    7    0    8   10    3]
 [   1    0    1    0  957    0    5    0    2   16]
 [   3    0    1    9    2  864    5    2    4    2]
 [   6    3    0    0    3    4  939    0    3    0]
 [   1    4   18    2    2    0    0  991    1    9]
 [   3    0    3    8    3    5    4    5  933   10]
 [   6    6    2   10   12    3    1    3    5  961]]
              precision    recall  f1-score   support

           0       0.97      0.99      0.98       980
           1       0.99      0.99      0.99      1135
           2       0.96      0.97      0.97      1032
           3       0.96      0.97      0.96      1010
           4       0.98      0.97      0.97       982
           5       0.98      0.96      0.97       892
           6       0.97      0.98      0.98       958
           7       0.97      0.97      0.97      1028
           8       0.96      0.95      0.95       974
           9       0.95      0.95      0.95      1009

    accuracy                           0.97     10000
   macro avg       0.97      0.97      0.97     10000
weighted avg       0.97      0.97      0.97     10000

[[ 971    0    0    0    0    2    1    1    4    1]
 [   0 1124    2    3    0    2    2    0    1    1]
 [   6    0 1001    5    2    0    4    8    6    0]
 [   0    0    8  977    0    6    0    8    8    3]
 [   1    0    2    0  954    0    5    0    2   18]
 [   3    0    0   13    4  852    8    2    7    3]
 [   6    3    0    0    2    3  939    0    5    0]
 [   1    2   17    2    1    0    0  993    2   10]
 [   4    0    7    9    3    5    6    5  923   12]
 [   7    6    2   10   11    2    1    4    7  959]]
              precision    recall  f1-score   support

           0       0.97      0.99      0.98       980
           1       0.99      0.99      0.99      1135
           2       0.96      0.97      0.96      1032
           3       0.96      0.97      0.96      1010
           4       0.97      0.97      0.97       982
           5       0.98      0.96      0.97       892
           6       0.97      0.98      0.98       958
           7       0.97      0.96      0.97      1028
           8       0.96      0.95      0.96       974
           9       0.96      0.95      0.95      1009

    accuracy                           0.97     10000
   macro avg       0.97      0.97      0.97     10000
weighted avg       0.97      0.97      0.97     10000

[[ 970    0    0    0    0    2    4    1    3    0]
 [   0 1123    3    3    0    2    2    0    1    1]
 [   6    0 1000    5    2    1    4    8    6    0]
 [   0    0    8  976    0    5    0    9    8    4]
 [   1    0    1    0  956    0    5    1    2   16]
 [   3    0    0   12    4  857    7    2    5    2]
 [   6    3    1    0    2    3  940    0    3    0]
 [   1    2   19    2    0    0    0  992    1   11]
 [   4    0    7    9    4    4    5    5  925   11]
 [   6    5    2   10   13    1    1    4    7  960]]
              precision    recall  f1-score   support

           0       0.97      0.99      0.98       980
           1       0.99      0.99      0.99      1135
           2       0.96      0.97      0.96      1032
           3       0.96      0.96      0.96      1010
           4       0.97      0.97      0.97       982
           5       0.97      0.96      0.97       892
           6       0.97      0.98      0.97       958
           7       0.97      0.96      0.97      1028
           8       0.96      0.95      0.96       974
           9       0.96      0.95      0.96      1009

    accuracy                           0.97     10000
   macro avg       0.97      0.97      0.97     10000
weighted avg       0.97      0.97      0.97     10000

[[ 968    0    0    0    0    2    4    1    4    1]
 [   0 1123    3    3    0    1    3    0    2    0]
 [   6    0 1001    6    2    0    4    8    5    0]
 [   0    0    9  974    0    5    0    9    9    4]
 [   1    0    1    0  956    0    6    0    2   16]
 [   4    0    1   14    3  856    6    2    5    1]
 [   6    3    1    0    4    4  937    0    3    0]
 [   1    3   21    2    3    0    0  989    1    8]
 [   3    0    5    9    5    5    6    4  928    9]
 [   6    5    2   11   10    5    1    4    5  960]]
              precision    recall  f1-score   support

           0       0.97      0.99      0.98       980
           1       0.99      0.99      0.99      1135
           2       0.96      0.97      0.96      1032
           3       0.96      0.96      0.96      1010
           4       0.97      0.98      0.98       982
           5       0.98      0.96      0.97       892
           6       0.98      0.98      0.98       958
           7       0.97      0.97      0.97      1028
           8       0.97      0.95      0.96       974
           9       0.96      0.95      0.96      1009

    accuracy                           0.97     10000
   macro avg       0.97      0.97      0.97     10000
weighted avg       0.97      0.97      0.97     10000

[[ 969    1    0    0    0    2    3    1    3    1]
 [   0 1124    2    3    0    2    2    0    1    1]
 [   6    0 1000    5    3    0    4    8    6    0]
 [   1    0   10  974    0    5    0    9    7    4]
 [   1    0    2    0  960    0    4    0    2   13]
 [   2    1    1   13    4  858    6    1    5    1]
 [   7    3    0    0    3    3  939    0    3    0]
 [   1    4   19    0    1    0    0  993    1    9]
 [   4    0    6    7    4    5    3    4  930   11]
 [   7    5    2   10   10    4    1    5    5  960]]
              precision    recall  f1-score   support

           0       0.97      0.99      0.98       980
           1       0.99      0.99      0.99      1135
           2       0.96      0.97      0.97      1032
           3       0.96      0.96      0.96      1010
           4       0.98      0.97      0.98       982
           5       0.97      0.97      0.97       892
           6       0.97      0.98      0.98       958
           7       0.97      0.96      0.97      1028
           8       0.97      0.95      0.96       974
           9       0.96      0.95      0.95      1009

    accuracy                           0.97     10000
   macro avg       0.97      0.97      0.97     10000
weighted avg       0.97      0.97      0.97     10000

[[ 968    0    0    0    0    3    4    1    3    1]
 [   0 1124    1    4    0    2    2    0    1    1]
 [   6    0 1002    4    2    0    4    8    6    0]
 [   0    0   10  973    0    7    0    9    8    3]
 [   1    0    2    0  957    0    4    0    2   16]
 [   3    0    0   11    3  862    6    2    4    1]
 [   6    3    0    0    2    4  940    0    3    0]
 [   1    3   18    2    1    0    0  992    0   11]
 [   6    0    4    8    4    5    4    4  929   10]
 [   6    6    2   11   11    4    1    3    5  960]]
              precision    recall  f1-score   support

           0       0.97      0.99      0.98       980
           1       0.99      0.99      0.99      1135
           2       0.96      0.97      0.96      1032
           3       0.96      0.96      0.96      1010
           4       0.98      0.97      0.97       982
           5       0.98      0.96      0.97       892
           6       0.97      0.98      0.97       958
           7       0.97      0.96      0.97      1028
           8       0.96      0.95      0.96       974
           9       0.96      0.95      0.96      1009

    accuracy                           0.97     10000
   macro avg       0.97      0.97      0.97     10000
weighted avg       0.97      0.97      0.97     10000

[[ 969    0    1    0    0    2    4    1    3    0]
 [   0 1122    3    3    0    1    3    1    2    0]
 [   6    0 1001    4    3    0    4    8    6    0]
 [   0    0   11  974    0    6    0    9    6    4]
 [   1    0    1    0  956    0    5    0    3   16]
 [   2    0    1   12    3  859    6    2    5    2]
 [   7    3    0    0    4    3  938    0    3    0]
 [   1    2   20    1    1    0    0  990    5    8]
 [   4    0    7    6    3    4    6    5  929   10]
 [   5    6    1   10   10    5    1    3    6  962]]
              precision    recall  f1-score   support

           0       0.97      0.99      0.98       980
           1       0.99      0.99      0.99      1135
           2       0.96      0.97      0.96      1032
           3       0.95      0.96      0.96      1010
           4       0.97      0.97      0.97       982
           5       0.97      0.96      0.97       892
           6       0.97      0.98      0.98       958
           7       0.97      0.96      0.97      1028
           8       0.96      0.95      0.96       974
           9       0.95      0.95      0.95      1009

    accuracy                           0.97     10000
   macro avg       0.97      0.97      0.97     10000
weighted avg       0.97      0.97      0.97     10000

[[ 969    0    1    0    0    3    4    1    2    0]
 [   0 1122    3    3    0    2    2    0    2    1]
 [   6    0  998    6    3    0    4    9    6    0]
 [   0    0   12  970    0    7    0    9    7    5]
 [   2    0    0    0  954    0    5    0    4   17]
 [   3    0    0   16    4  854    5    2    5    3]
 [   4    3    0    0    3    4  941    0    3    0]
 [   1    2   19    1    1    0    0  991    1   12]
 [   5    0    5    8    5    4    5    3  928   11]
 [   6    5    1   12   11    3    1    4    6  960]]
              precision    recall  f1-score   support

           0       0.97      0.99      0.98       980
           1       0.99      0.99      0.99      1135
           2       0.96      0.97      0.97      1032
           3       0.96      0.96      0.96      1010
           4       0.97      0.98      0.97       982
           5       0.98      0.96      0.97       892
           6       0.98      0.98      0.98       958
           7       0.97      0.97      0.97      1028
           8       0.96      0.95      0.95       974
           9       0.96      0.95      0.96      1009

    accuracy                           0.97     10000
   macro avg       0.97      0.97      0.97     10000
weighted avg       0.97      0.97      0.97     10000

[[ 970    0    0    0    0    2    3    1    3    1]
 [   0 1124    2    3    0    2    2    0    1    1]
 [   6    0  999    6    3    0    3    8    7    0]
 [   1    0    8  974    1    6    0    9    9    2]
 [   1    0    2    0  958    0    4    0    2   15]
 [   3    0    0   14    3  856    6    2    5    3]
 [   6    3    0    0    3    3  939    0    4    0]
 [   1    2   18    1    1    0    0  993    2   10]
 [   4    0    6   10    5    5    4    5  925   10]
 [   6    6    1   11   12    2    1    3    6  961]]
              precision    recall  f1-score   support

           0       0.97      0.99      0.98       980
           1       0.99      0.99      0.99      1135
           2       0.96      0.97      0.96      1032
           3       0.96      0.97      0.96      1010
           4       0.97      0.98      0.98       982
           5       0.97      0.96      0.97       892
           6       0.97      0.98      0.98       958
           7       0.97      0.96      0.97      1028
           8       0.96      0.95      0.96       974
           9       0.96      0.95      0.96      1009

    accuracy                           0.97     10000
   macro avg       0.97      0.97      0.97     10000
weighted avg       0.97      0.97      0.97     10000

[[ 968    0    1    0    0    3    4    1    3    0]
 [   0 1124    2    3    0    2    2    1    1    0]
 [   6    0 1002    5    2    0    4    8    5    0]
 [   0    0   10  976    0    5    0    9    8    2]
 [   1    0    1    0  959    0    5    0    2   14]
 [   3    0    0   14    4  853    9    2    5    2]
 [   6    3    0    0    3    3  939    0    4    0]
 [   1    3   21    1    2    0    0  988    2   10]
 [   5    0    6    7    3    7    4    5  927   10]
 [   8    5    2   13   12    2    1    5    4  957]]
              precision    recall  f1-score   support

           0       0.97      0.99      0.98       980
           1       0.99      0.99      0.99      1135
           2       0.96      0.97      0.97      1032
           3       0.96      0.97      0.96      1010
           4       0.97      0.97      0.97       982
           5       0.98      0.96      0.97       892
           6       0.98      0.98      0.98       958
           7       0.97      0.96      0.97      1028
           8       0.96      0.96      0.96       974
           9       0.95      0.95      0.95      1009

    accuracy                           0.97     10000
   macro avg       0.97      0.97      0.97     10000
weighted avg       0.97      0.97      0.97     10000

[[ 971    0    0    0    0    2    2    1    3    1]
 [   0 1124    3    2    1    1    3    0    1    0]
 [   6    0 1000    5    3    0    4    8    6    0]
 [   0    0    9  975    0    6    0    9    8    3]
 [   1    0    1    0  953    0    5    0    2   20]
 [   3    0    1   14    3  856    4    3    5    3]
 [   6    3    0    0    2    3  941    0    3    0]
 [   1    2   17    3    1    0    0  992    2   10]
 [   4    0    4    4    4    5    4    4  935   10]
 [   5    6    2   14   12    2    1    3    7  957]]
              precision    recall  f1-score   support

           0       0.97      0.99      0.98       980
           1       0.99      0.99      0.99      1135
           2       0.96      0.97      0.97      1032
           3       0.96      0.97      0.97      1010
           4       0.97      0.97      0.97       982
           5       0.97      0.97      0.97       892
           6       0.98      0.98      0.98       958
           7       0.97      0.97      0.97      1028
           8       0.96      0.95      0.96       974
           9       0.96      0.95      0.96      1009

    accuracy                           0.97     10000
   macro avg       0.97      0.97      0.97     10000
weighted avg       0.97      0.97      0.97     10000

[[ 969    0    0    0    0    2    3    1    4    1]
 [   0 1122    3    3    0    2    2    0    2    1]
 [   6    0  999    6    2    0    4    8    7    0]
 [   0    0    9  978    0    6    0    8    8    1]
 [   1    0    1    0  957    0    5    0    2   16]
 [   3    0    0    8    3  865    5    2    4    2]
 [   7    3    0    0    3    3  939    0    3    0]
 [   1    2   19    0    2    0    0  994    2    8]
 [   2    0    6    9    3    7    3    4  929   11]
 [   7    7    1   10   13    3    1    3    5  959]]
              precision    recall  f1-score   support

           0       0.97      0.99      0.98       980
           1       0.99      0.99      0.99      1135
           2       0.96      0.97      0.97      1032
           3       0.96      0.96      0.96      1010
           4       0.97      0.98      0.97       982
           5       0.97      0.96      0.97       892
           6       0.98      0.98      0.98       958
           7       0.97      0.97      0.97      1028
           8       0.96      0.95      0.96       974
           9       0.96      0.95      0.96      1009

    accuracy                           0.97     10000
   macro avg       0.97      0.97      0.97     10000
weighted avg       0.97      0.97      0.97     10000

[[ 969    0    1    0    0    2    3    1    4    0]
 [   0 1122    3    3    0    2    2    1    2    0]
 [   6    0 1003    5    3    0    2    8    5    0]
 [   1    0   10  973    0    6    0    9    7    4]
 [   1    0    1    0  958    0    5    0    2   15]
 [   3    0    0   13    3  857    7    2    5    2]
 [   6    3    0    0    3    3  939    0    4    0]
 [   1    3   17    1    2    0    0  993    2    9]
 [   4    0    7    6    4    5    4    4  930   10]
 [   6    5    1   10   11    5    1    5    4  961]]
              precision    recall  f1-score   support

           0       0.97      0.99      0.98       980
           1       0.99      0.99      0.99      1135
           2       0.96      0.97      0.97      1032
           3       0.97      0.97      0.97      1010
           4       0.97      0.97      0.97       982
           5       0.97      0.96      0.97       892
           6       0.98      0.98      0.98       958
           7       0.97      0.96      0.97      1028
           8       0.96      0.95      0.96       974
           9       0.96      0.96      0.96      1009

    accuracy                           0.97     10000
   macro avg       0.97      0.97      0.97     10000
weighted avg       0.97      0.97      0.97     10000

[[ 971    0    0    0    0    2    2    1    3    1]
 [   0 1124    2    3    0    2    2    0    1    1]
 [   6    0 1001    4    3    0    4    8    6    0]
 [   0    0    8  977    0    6    0    9    8    2]
 [   1    0    2    0  957    0    4    0    2   16]
 [   3    1    0   10    4  860    6    1    5    2]
 [   7    3    0    0    2    4  938    0    4    0]
 [   1    4   18    1    1    0    0  990    3   10]
 [   4    0    6    8    6    6    4    4  925   11]
 [   6    5    1    8   10    4    1    5    5  964]]
              precision    recall  f1-score   support

           0       0.97      0.99      0.98       980
           1       0.99      0.99      0.99      1135
           2       0.96      0.97      0.97      1032
           3       0.96      0.97      0.96      1010
           4       0.98      0.97      0.97       982
           5       0.98      0.96      0.97       892
           6       0.98      0.98      0.98       958
           7       0.97      0.97      0.97      1028
           8       0.96      0.95      0.96       974
           9       0.95      0.95      0.95      1009

    accuracy                           0.97     10000
   macro avg       0.97      0.97      0.97     10000
weighted avg       0.97      0.97      0.97     10000

[[ 969    0    0    0    0    1    4    1    4    1]
 [   0 1122    3    3    0    2    2    0    2    1]
 [   6    0 1000    6    3    0    3    9    5    0]
 [   0    0    8  976    0    5    0    9    9    3]
 [   1    0    2    0  955    0    4    0    2   18]
 [   2    0    1   12    3  860    4    3    5    2]
 [   6    3    1    0    2    4  939    0    3    0]
 [   1    2   18    0    1    0    0  993    1   12]
 [   5    0    5    9    4    5    4    4  926   12]
 [   5    5    2   12   11    3    1    5    5  960]]
              precision    recall  f1-score   support

           0       0.97      0.99      0.98       980
           1       0.99      0.99      0.99      1135
           2       0.97      0.97      0.97      1032
           3       0.96      0.96      0.96      1010
           4       0.97      0.97      0.97       982
           5       0.98      0.96      0.97       892
           6       0.98      0.98      0.98       958
           7       0.97      0.96      0.97      1028
           8       0.96      0.95      0.96       974
           9       0.95      0.95      0.95      1009

    accuracy                           0.97     10000
   macro avg       0.97      0.97      0.97     10000
weighted avg       0.97      0.97      0.97     10000

[[ 969    0    0    0    0    2    3    1    4    1]
 [   0 1121    3    3    0    2    3    0    2    1]
 [   6    0  998    7    3    0    4    8    6    0]
 [   0    0    8  973    0    7    0    9    9    4]
 [   1    0    1    0  955    0    5    0    2   18]
 [   3    0    0   14    3  856    5    2    6    3]
 [   5    3    0    0    3    3  941    0    3    0]
 [   1    2   18    2    1    0    0  992    2   10]
 [   5    0    5    7    5    5    3    4  929   11]
 [   6    5    1   12   13    1    1    5    7  958]]
              precision    recall  f1-score   support

           0       0.97      0.99      0.98       980
           1       0.99      0.99      0.99      1135
           2       0.96      0.97      0.97      1032
           3       0.96      0.97      0.96      1010
           4       0.97      0.97      0.97       982
           5       0.97      0.96      0.97       892
           6       0.97      0.98      0.98       958
           7       0.97      0.96      0.97      1028
           8       0.96      0.95      0.96       974
           9       0.95      0.95      0.95      1009

    accuracy                           0.97     10000
   macro avg       0.97      0.97      0.97     10000
weighted avg       0.97      0.97      0.97     10000

[[ 969    0    0    0    0    2    4    1    3    1]
 [   0 1122    3    3    0    2    2    0    2    1]
 [   6    0 1001    5    2    0    4    8    6    0]
 [   0    0    8  977    0    7    0    9    7    2]
 [   1    0    2    0  954    0    5    0    2   18]
 [   3    0    2   13    2  859    4    2    4    3]
 [   5    3    0    0    3    3  940    0    4    0]
 [   1    3   18    2    1    0    0  991    1   11]
 [   4    0    6    8    5    5    6    3  925   12]
 [   6    5    2   10   12    4    1    4    5  960]]
              precision    recall  f1-score   support

           0       0.97      0.99      0.98       980
           1       0.99      0.99      0.99      1135
           2       0.96      0.97      0.96      1032
           3       0.97      0.96      0.96      1010
           4       0.98      0.97      0.97       982
           5       0.98      0.97      0.97       892
           6       0.97      0.98      0.97       958
           7       0.97      0.96      0.97      1028
           8       0.97      0.95      0.96       974
           9       0.95      0.95      0.95      1009

    accuracy                           0.97     10000
   macro avg       0.97      0.97      0.97     10000
weighted avg       0.97      0.97      0.97     10000

[[ 970    0    1    0    0    1    4    1    3    0]
 [   0 1124    2    3    0    1    4    0    1    0]
 [   6    0 1003    3    2    0    4    8    6    0]
 [   0    0   13  970    0    7    0    9    7    4]
 [   1    0    1    0  955    0    5    0    2   18]
 [   2    0    0    8    3  864    8    1    4    2]
 [   7    3    0    0    4    3  938    0    3    0]
 [   1    2   20    2    1    0    0  990    1   11]
 [   4    0    6    8    3    5    4    3  929   12]
 [   6    5    2   11   11    3    1    4    5  961]]
              precision    recall  f1-score   support

           0       0.97      0.99      0.98       980
           1       0.99      0.99      0.99      1135
           2       0.96      0.97      0.97      1032
           3       0.96      0.97      0.96      1010
           4       0.98      0.97      0.98       982
           5       0.97      0.96      0.97       892
           6       0.97      0.98      0.98       958
           7       0.97      0.96      0.97      1028
           8       0.96      0.95      0.96       974
           9       0.95      0.95      0.95      1009

    accuracy                           0.97     10000
   macro avg       0.97      0.97      0.97     10000
weighted avg       0.97      0.97      0.97     10000

[[ 969    0    0    0    0    2    3    1    4    1]
 [   0 1122    3    3    0    1    3    0    2    1]
 [   6    0  999    6    1    1    4    8    7    0]
 [   0    0    8  976    0    7    0    9    7    3]
 [   1    0    2    0  957    0    4    0    2   16]
 [   3    0    0   11    3  859    7    2    5    2]
 [   8    3    0    0    2    3  939    0    3    0]
 [   1    2   17    3    0    0    0  989    4   12]
 [   4    0    5   10    5    5    4    4  926   11]
 [   7    6    2    9    9    4    1    4    4  963]]
              precision    recall  f1-score   support

           0       0.97      0.99      0.98       980
           1       0.99      0.99      0.99      1135
           2       0.96      0.97      0.96      1032
           3       0.96      0.96      0.96      1010
           4       0.98      0.97      0.98       982
           5       0.98      0.97      0.97       892
           6       0.98      0.98      0.98       958
           7       0.97      0.96      0.97      1028
           8       0.96      0.95      0.96       974
           9       0.96      0.95      0.96      1009

    accuracy                           0.97     10000
   macro avg       0.97      0.97      0.97     10000
weighted avg       0.97      0.97      0.97     10000

[[ 969    0    1    0    0    3    3    1    3    0]
 [   0 1122    3    3    0    2    2    0    2    1]
 [   6    0 1001    6    2    0    3    8    6    0]
 [   0    0   10  974    0    6    0    9    8    3]
 [   1    0    2    0  957    0    4    0    2   16]
 [   2    0    1   12    3  863    4    2    4    1]
 [   5    3    0    0    2    4  941    0    3    0]
 [   1    2   19    2    2    0    0  992    1    9]
 [   4    0    6    9    4    5    4    4  929    9]
 [   7    6    2   10   11    2    1    4    8  958]]
              precision    recall  f1-score   support

           0       0.97      0.99      0.98       980
           1       0.99      0.99      0.99      1135
           2       0.97      0.97      0.97      1032
           3       0.96      0.97      0.96      1010
           4       0.97      0.98      0.98       982
           5       0.97      0.96      0.97       892
           6       0.97      0.98      0.98       958
           7       0.97      0.96      0.97      1028
           8       0.96      0.95      0.96       974
           9       0.96      0.95      0.95      1009

    accuracy                           0.97     10000
   macro avg       0.97      0.97      0.97     10000
weighted avg       0.97      0.97      0.97     10000

[[ 970    0    0    0    0    2    3    1    3    1]
 [   0 1122    2    3    0    2    3    0    2    1]
 [   6    0 1002    4    2    0    4    8    6    0]
 [   0    0    8  975    0    7    0    9    8    3]
 [   1    0    1    0  958    0    6    0    2   14]
 [   3    0    0   12    3  857    6    2    6    3]
 [   5    3    0    0    2    3  942    0    3    0]
 [   1    2   19    1    1    0    0  991    2   11]
 [   4    0    5   10    5    5    3    5  926   11]
 [   7    5    1    8   12    4    1    4    6  961]]
              precision    recall  f1-score   support

           0       0.97      0.99      0.98       980
           1       0.99      0.99      0.99      1135
           2       0.96      0.97      0.97      1032
           3       0.96      0.97      0.96      1010
           4       0.98      0.98      0.98       982
           5       0.97      0.96      0.97       892
           6       0.98      0.98      0.98       958
           7       0.98      0.96      0.97      1028
           8       0.96      0.95      0.96       974
           9       0.96      0.96      0.96      1009

    accuracy                           0.97     10000
   macro avg       0.97      0.97      0.97     10000
weighted avg       0.97      0.97      0.97     10000

[[ 968    0    1    0    0    3    4    1    3    0]
 [   0 1122    3    3    0    2    3    0    1    1]
 [   6    0 1000    5    3    0    4    8    6    0]
 [   1    0    7  976    0    7    0    8    8    3]
 [   1    0    1    0  959    0    4    0    3   14]
 [   3    0    1   12    3  860    5    1    4    3]
 [   5    3    1    0    4    3  938    0    4    0]
 [   1    3   18    1    1    0    0  992    2   10]
 [   5    0    6    8    5    5    3    4  928   10]
 [   7    6    2    8    8    4    1    3    4  966]]
              precision    recall  f1-score   support

           0       0.97      0.99      0.98       980
           1       0.99      0.99      0.99      1135
           2       0.96      0.97      0.96      1032
           3       0.95      0.96      0.96      1010
           4       0.98      0.97      0.98       982
           5       0.97      0.96      0.97       892
           6       0.97      0.98      0.98       958
           7       0.97      0.96      0.97      1028
           8       0.96      0.95      0.96       974
           9       0.96      0.95      0.95      1009

    accuracy                           0.97     10000
   macro avg       0.97      0.97      0.97     10000
weighted avg       0.97      0.97      0.97     10000

[[ 970    0    0    0    0    3    2    1    3    1]
 [   0 1123    3    3    0    1    3    0    1    1]
 [   5    0  998    6    3    0    4    9    7    0]
 [   0    0    9  974    0    8    0    8    9    2]
 [   1    0    1    0  957    0    5    0    2   16]
 [   2    0    0   15    3  858    7    1    4    2]
 [   6    3    1    0    2    3  940    0    3    0]
 [   1    3   18    2    1    0    0  991    1   11]
 [   3    0    6   10    4    5    3    4  928   11]
 [   7    5    1   11    9    4    1    4    6  961]]
              precision    recall  f1-score   support

           0       0.97      0.99      0.98       980
           1       0.99      0.99      0.99      1135
           2       0.97      0.97      0.97      1032
           3       0.96      0.97      0.96      1010
           4       0.97      0.97      0.97       982
           5       0.98      0.96      0.97       892
           6       0.97      0.98      0.98       958
           7       0.97      0.96      0.97      1028
           8       0.96      0.95      0.96       974
           9       0.95      0.95      0.95      1009

    accuracy                           0.97     10000
   macro avg       0.97      0.97      0.97     10000
weighted avg       0.97      0.97      0.97     10000

[[ 970    0    0    0    0    3    2    1    3    1]
 [   0 1124    2    3    0    2    2    0    1    1]
 [   6    0 1001    4    3    0    4    8    6    0]
 [   0    0    8  977    0    5    0    9    7    4]
 [   1    0    1    0  956    0    5    0    2   17]
 [   3    0    0   11    3  858    8    3    4    2]
 [   6    3    0    0    3    3  939    0    4    0]
 [   1    2   18    2    2    0    0  991    2   10]
 [   3    0    6    8    5    5    4    3  929   11]
 [   7    5    1   12   10    2    1    5    6  960]]
              precision    recall  f1-score   support

           0       0.97      0.99      0.98       980
           1       0.99      0.99      0.99      1135
           2       0.97      0.97      0.97      1032
           3       0.96      0.97      0.96      1010
           4       0.98      0.97      0.98       982
           5       0.98      0.96      0.97       892
           6       0.97      0.98      0.98       958
           7       0.97      0.97      0.97      1028
           8       0.97      0.95      0.96       974
           9       0.96      0.96      0.96      1009

    accuracy                           0.97     10000
   macro avg       0.97      0.97      0.97     10000
weighted avg       0.97      0.97      0.97     10000

[[ 970    0    0    0    0    3    2    1    3    1]
 [   0 1123    3    3    0    1    3    1    1    0]
 [   6    0  997    6    3    0    4    9    7    0]
 [   0    0    8  979    0    4    0    8    6    5]
 [   1    0    0    0  957    0    5    0    3   16]
 [   3    0    0   13    3  857    8    2    4    2]
 [   6    3    0    0    3    4  940    0    2    0]
 [   1    2   17    2    1    0    0  994    1   10]
 [   4    0    5   10    3    4    4    4  930   10]
 [   6    6    1   10    9    3    1    3    5  965]]
              precision    recall  f1-score   support

           0       0.97      0.99      0.98       980
           1       0.99      0.99      0.99      1135
           2       0.96      0.97      0.97      1032
           3       0.96      0.97      0.96      1010
           4       0.97      0.97      0.97       982
           5       0.98      0.96      0.97       892
           6       0.98      0.98      0.98       958
           7       0.97      0.96      0.97      1028
           8       0.96      0.95      0.96       974
           9       0.96      0.95      0.96      1009

    accuracy                           0.97     10000
   macro avg       0.97      0.97      0.97     10000
weighted avg       0.97      0.97      0.97     10000

[[ 969    0    0    0    0    2    3    1    4    1]
 [   0 1123    2    4    0    2    2    0    1    1]
 [   6    0 1000    5    3    0    4    8    6    0]
 [   0    0   10  976    0    4    0    9    7    4]
 [   1    0    0    0  957    0    5    0    3   16]
 [   3    0    1   11    3  860    5    1    5    3]
 [   5    3    0    0    3    3  942    0    2    0]
 [   1    4   18    1    1    0    0  992    1   10]
 [   4    0    6   10    5    5    3    4  928    9]
 [   6    5    1    8   12    3    1    4    6  963]]
              precision    recall  f1-score   support

           0       0.97      0.99      0.98       980
           1       0.99      0.99      0.99      1135
           2       0.96      0.97      0.97      1032
           3       0.96      0.97      0.96      1010
           4       0.98      0.97      0.97       982
           5       0.98      0.96      0.97       892
           6       0.97      0.98      0.98       958
           7       0.97      0.96      0.97      1028
           8       0.96      0.96      0.96       974
           9       0.95      0.95      0.95      1009

    accuracy                           0.97     10000
   macro avg       0.97      0.97      0.97     10000
weighted avg       0.97      0.97      0.97     10000

[[ 969    0    0    0    0    2    3    1    4    1]
 [   0 1123    3    3    0    2    2    1    1    0]
 [   6    0 1001    4    3    0    4    8    6    0]
 [   0    0    9  977    0    4    0    9    9    2]
 [   1    0    0    0  954    0    5    0    3   19]
 [   3    0    0   12    3  857    6    2    6    3]
 [   5    3    1    0    4    4  938    0    3    0]
 [   1    3   18    2    2    0    0  991    1   10]
 [   3    0    6    8    2    5    4    4  931   11]
 [   6    5    2   12   10    3    1    5    6  959]]
              precision    recall  f1-score   support

           0       0.97      0.99      0.98       980
           1       0.99      0.99      0.99      1135
           2       0.96      0.97      0.97      1032
           3       0.96      0.97      0.96      1010
           4       0.98      0.97      0.98       982
           5       0.98      0.96      0.97       892
           6       0.97      0.98      0.98       958
           7       0.97      0.96      0.97      1028
           8       0.96      0.95      0.96       974
           9       0.96      0.96      0.96      1009

    accuracy                           0.97     10000
   macro avg       0.97      0.97      0.97     10000
weighted avg       0.97      0.97      0.97     10000

[[ 969    1    1    0    0    2    3    1    3    0]
 [   0 1122    3    3    0    2    2    0    2    1]
 [   6    0 1003    4    2    0    3    8    6    0]
 [   0    0   10  976    0    4    0    9    7    4]
 [   1    0    1    0  957    0    5    0    2   16]
 [   3    0    0   12    3  859    7    2    4    2]
 [   6    3    0    0    3    3  940    0    3    0]
 [   1    4   19    1    1    0    0  990    2   10]
 [   3    0    6    9    3    5    4    4  930   10]
 [   6    5    1    9   10    3    1    4    6  964]]


Ran 4 tests in 5558.424s

OK
