Testing started at 11:33 AM ...
"C:\Program Files\Python\python.exe" "C:\Program Files\JetBrains\PyCharm 2019.3\plugins\python\helpers\pycharm\_jb_unittest_runner.py" --target mnist_dt_rf_uts.mnist_dt_rf_uts.test_ut04
Launching unittests with arguments python -m unittest mnist_dt_rf_uts.mnist_dt_rf_uts.test_ut04 in D:\USU\Assignments\IntelligentSystems\hw07


Process finished with exit code 0
10 : 
              precision    recall  f1-score   support

           0       0.94      0.99      0.97       980
           1       0.97      0.99      0.98      1135
           2       0.92      0.95      0.94      1032
           3       0.92      0.93      0.92      1010
           4       0.94      0.94      0.94       982
           5       0.93      0.91      0.92       892
           6       0.97      0.96      0.96       958
           7       0.96      0.94      0.95      1028
           8       0.94      0.91      0.92       974
           9       0.94      0.91      0.93      1009

    accuracy                           0.94     10000
   macro avg       0.94      0.94      0.94     10000
weighted avg       0.94      0.94      0.94     10000

[[ 967    1    2    0    1    3    4    1    1    0]
 [   1 1121    4    3    0    1    2    1    2    0]
 [  14    1  983    7    3    0    4   10   10    0]
 [   5    4   19  940    0   19    0   11   10    2]
 [   4    2    7    2  920    1    9    3    7   27]
 [   7    2    7   34    6  815    3    3   11    4]
 [  11    4    2    0   10   10  918    0    3    0]
 [   1   11   26    4    3    1    2  967    4    9]
 [   4    2    8   16   10   21    7    6  886   14]
 [  10    6    5   19   27    5    0    8    8  921]]
20 : 
              precision    recall  f1-score   support

           0       0.97      0.99      0.98       980
           1       0.99      0.99      0.99      1135
           2       0.94      0.96      0.95      1032
           3       0.93      0.95      0.94      1010
           4       0.96      0.96      0.96       982
           5       0.95      0.95      0.95       892
           6       0.97      0.97      0.97       958
           7       0.96      0.95      0.96      1028
           8       0.95      0.93      0.94       974
           9       0.95      0.93      0.94      1009

    accuracy                           0.96     10000
   macro avg       0.96      0.96      0.96     10000
weighted avg       0.96      0.96      0.96     10000

[[ 969    0    1    1    0    2    5    1    1    0]
 [   0 1123    2    2    1    2    3    1    1    0]
 [   7    0  993    7    4    2    5    9    5    0]
 [   1    1   17  956    0   13    0    8   11    3]
 [   0    0    5    1  943    0    7    1    6   19]
 [   6    0    2   23    3  844    5    1    4    4]
 [   7    3    1    0    4   10  927    1    5    0]
 [   0    6   21    2    3    1    1  981    2   11]
 [   5    0   11   20    7    6    3    6  908    8]
 [   7    3    1   11   20    6    2    9   12  938]]
30 : 
              precision    recall  f1-score   support

           0       0.96      0.99      0.98       980
           1       0.98      0.99      0.99      1135
           2       0.95      0.96      0.96      1032
           3       0.95      0.96      0.95      1010
           4       0.96      0.96      0.96       982
           5       0.97      0.94      0.96       892
           6       0.97      0.97      0.97       958
           7       0.97      0.95      0.96      1028
           8       0.95      0.95      0.95       974
           9       0.96      0.94      0.95      1009

    accuracy                           0.96     10000
   macro avg       0.96      0.96      0.96     10000
weighted avg       0.96      0.96      0.96     10000

[[ 972    0    0    0    0    2    3    1    2    0]
 [   0 1122    2    3    0    3    2    0    3    0]
 [   7    1  995    6    7    1    3    8    4    0]
 [   2    0   13  966    0    5    0    9   12    3]
 [   1    2    1    1  944    0    8    0    3   22]
 [   6    2    1   20    2  842    8    2    7    2]
 [   6    3    2    0    5    4  933    0    5    0]
 [   2    5   23    6    2    0    0  979    4    7]
 [   5    0    6    5    7    6    4    4  927   10]
 [   9    6    1   12   16    6    1    4    5  949]]
40 : 
              precision    recall  f1-score   support

           0       0.97      0.99      0.98       980
           1       0.98      0.99      0.99      1135
           2       0.96      0.97      0.96      1032
           3       0.95      0.95      0.95      1010
           4       0.96      0.97      0.96       982
           5       0.96      0.95      0.96       892
           6       0.97      0.98      0.98       958
           7       0.97      0.96      0.96      1028
           8       0.96      0.95      0.95       974
           9       0.95      0.94      0.95      1009

    accuracy                           0.96     10000
   macro avg       0.96      0.96      0.96     10000
weighted avg       0.96      0.96      0.96     10000

[[ 970    1    2    0    1    2    2    1    1    0]
 [   0 1122    0    5    1    2    2    1    2    0]
 [   6    0  999    5    3    1    3    9    6    0]
 [   1    0   13  962    0   12    0    9   10    3]
 [   2    0    0    1  948    0    5    1    5   20]
 [   4    1    0   21    2  844    8    2    6    4]
 [   4    3    0    0    6    4  937    0    4    0]
 [   1    7   22    1    2    0    0  984    1   10]
 [   7    1    5    8    4    6    5    3  925   10]
 [   6    5    1   12   16    4    1    6    8  950]]
50 : 
              precision    recall  f1-score   support

           0       0.97      0.99      0.98       980
           1       0.99      0.99      0.99      1135
           2       0.95      0.97      0.96      1032
           3       0.95      0.96      0.96      1010
           4       0.97      0.97      0.97       982
           5       0.97      0.95      0.96       892
           6       0.97      0.97      0.97       958
           7       0.97      0.95      0.96      1028
           8       0.96      0.95      0.96       974
           9       0.95      0.94      0.94      1009

    accuracy                           0.97     10000
   macro avg       0.96      0.96      0.96     10000
weighted avg       0.97      0.97      0.97     10000

[[ 972    1    1    0    0    2    2    1    1    0]
 [   0 1122    4    2    0    2    2    0    2    1]
 [   4    0  998    5    4    0    6   10    5    0]
 [   1    0   13  969    0    9    0    7    7    4]
 [   1    0    0    0  948    0    5    0    5   23]
 [   4    0    2   16    4  851    7    1    4    3]
 [   7    3    1    0    3    6  933    0    5    0]
 [   1    5   24    1    1    0    0  981    3   12]
 [   5    1    6    7    5    6    3    4  925   12]
 [   6    5    1   15   13    4    2    5    6  952]]
60 : 
              precision    recall  f1-score   support

           0       0.97      0.99      0.98       980
           1       0.99      0.99      0.99      1135
           2       0.96      0.97      0.96      1032
           3       0.95      0.96      0.96      1010
           4       0.96      0.97      0.97       982
           5       0.97      0.95      0.96       892
           6       0.97      0.97      0.97       958
           7       0.97      0.96      0.96      1028
           8       0.95      0.95      0.95       974
           9       0.96      0.94      0.95      1009

    accuracy                           0.96     10000
   macro avg       0.96      0.96      0.96     10000
weighted avg       0.97      0.96      0.96     10000

[[ 969    0    1    0    0    3    4    1    2    0]
 [   0 1118    4    4    1    2    2    1    2    1]
 [   7    0  997    7    2    0    3    9    7    0]
 [   0    0    9  972    0    9    0    9    9    2]
 [   2    0    2    0  952    0    6    0    3   17]
 [   3    1    1   11    3  850    8    2    8    5]
 [   6    3    2    0    5    5  932    0    5    0]
 [   1    5   20    3    3    0    0  984    4    8]
 [   3    0    5   10    6    6    5    4  925   10]
 [   7    6    1   12   15    4    1    5    7  951]]
70 : 
              precision    recall  f1-score   support

           0       0.97      0.99      0.98       980
           1       0.99      0.99      0.99      1135
           2       0.96      0.97      0.96      1032
           3       0.95      0.96      0.96      1010
           4       0.97      0.97      0.97       982
           5       0.97      0.95      0.96       892
           6       0.97      0.98      0.97       958
           7       0.97      0.96      0.96      1028
           8       0.95      0.95      0.95       974
           9       0.96      0.95      0.95      1009

    accuracy                           0.97     10000
   macro avg       0.97      0.97      0.97     10000
weighted avg       0.97      0.97      0.97     10000

[[ 969    0    0    1    0    2    4    1    2    1]
 [   0 1120    4    3    0    2    3    1    2    0]
 [   4    0  998    6    4    0    3   10    7    0]
 [   0    0    7  973    0    8    0    9   12    1]
 [   0    0    1    0  954    0    5    1    5   16]
 [   4    0    1   19    2  847    7    2    8    2]
 [   7    3    0    0    6    3  935    0    4    0]
 [   1    4   19    3    1    0    0  984    3   13]
 [   4    0    7   12    6    4    4    5  924    8]
 [   7    5    1    9   12    9    1    4    7  954]]
80 : 
              precision    recall  f1-score   support

           0       0.97      0.99      0.98       980
           1       0.99      0.99      0.99      1135
           2       0.96      0.97      0.96      1032
           3       0.95      0.96      0.96      1010
           4       0.98      0.97      0.97       982
           5       0.97      0.95      0.96       892
           6       0.97      0.98      0.98       958
           7       0.97      0.96      0.97      1028
           8       0.96      0.95      0.95       974
           9       0.95      0.95      0.95      1009

    accuracy                           0.97     10000
   macro avg       0.97      0.97      0.97     10000
weighted avg       0.97      0.97      0.97     10000

[[ 970    0    0    0    0    1    4    1    3    1]
 [   0 1124    3    3    0    1    3    0    1    0]
 [   7    1  996    7    2    0    3    7    8    1]
 [   0    0   11  971    0   10    0    8    7    3]
 [   0    0    0    0  955    0    5    0    3   19]
 [   4    0    1   19    3  849    5    2    5    4]
 [   8    3    1    0    5    2  935    0    4    0]
 [   1    3   21    1    0    0    0  988    3   11]
 [   3    0    4    9    6    7    3    4  928   10]
 [   5    5    2    9    8    4    1    4    9  962]]
90 : 
              precision    recall  f1-score   support

           0       0.97      0.99      0.98       980
           1       0.99      0.99      0.99      1135
           2       0.96      0.97      0.97      1032
           3       0.95      0.97      0.96      1010
           4       0.97      0.97      0.97       982
           5       0.98      0.96      0.97       892
           6       0.97      0.98      0.98       958
           7       0.97      0.96      0.96      1028
           8       0.96      0.95      0.95       974
           9       0.95      0.94      0.95      1009

    accuracy                           0.97     10000
   macro avg       0.97      0.97      0.97     10000
weighted avg       0.97      0.97      0.97     10000

[[ 968    0    1    0    0    2    3    1    5    0]
 [   0 1123    3    3    0    2    2    0    1    1]
 [   6    0 1003    5    1    0    2    8    7    0]
 [   0    0    9  978    0    5    0    8    7    3]
 [   1    0    2    0  949    0    5    0    2   23]
 [   2    1    1   16    3  853    7    2    5    2]
 [   8    3    0    0    4    4  937    0    2    0]
 [   1    5   20    3    1    0    0  982    3   13]
 [   2    0    6   10    6    5    6    4  925   10]
 [   7    5    1   12   15    2    1    4    9  953]]
100 : 
              precision    recall  f1-score   support

           0       0.97      0.99      0.98       980
           1       0.99      0.99      0.99      1135
           2       0.96      0.97      0.96      1032
           3       0.96      0.96      0.96      1010
           4       0.97      0.97      0.97       982
           5       0.97      0.96      0.96       892
           6       0.98      0.98      0.98       958
           7       0.97      0.96      0.97      1028
           8       0.96      0.96      0.96       974
           9       0.95      0.95      0.95      1009

    accuracy                           0.97     10000
   macro avg       0.97      0.97      0.97     10000
weighted avg       0.97      0.97      0.97     10000

[[ 970    0    0    0    0    2    2    1    4    1]
 [   0 1122    3    3    0    2    2    0    2    1]
 [   6    0  999    4    3    0    3   10    7    0]
 [   1    0   10  968    0   10    0    9    9    3]
 [   1    0    1    0  952    0    5    0    3   20]
 [   4    0    1   16    3  854    6    1    5    2]
 [   6    3    0    0    4    5  939    0    1    0]
 [   1    3   19    0    1    0    0  991    2   11]
 [   4    0    5    9    3    6    3    4  931    9]
 [   7    5    1   12   13    5    1    5    5  955]]
110 : 
              precision    recall  f1-score   support

           0       0.96      0.99      0.98       980
           1       0.99      0.99      0.99      1135
           2       0.97      0.96      0.96      1032
           3       0.96      0.96      0.96      1010
           4       0.97      0.97      0.97       982
           5       0.97      0.96      0.97       892
           6       0.98      0.98      0.98       958
           7       0.97      0.96      0.97      1028
           8       0.96      0.96      0.96       974
           9       0.96      0.94      0.95      1009

    accuracy                           0.97     10000
   macro avg       0.97      0.97      0.97     10000
weighted avg       0.97      0.97      0.97     10000

[[ 969    0    0    0    0    2    4    1    3    1]
 [   0 1123    3    2    0    1    3    0    2    1]
 [   6    0  995    7    3    1    2   10    7    1]
 [   0    0    9  974    0    7    0    9    9    2]
 [   2    0    1    0  955    0    6    0    2   16]
 [   3    1    1   11    4  856    5    2    7    2]
 [   9    3    0    0    4    3  936    0    3    0]
 [   1    5   16    3    2    0    0  990    1   10]
 [   6    0    3    6    5    4    2    4  933   11]
 [  10    5    3   12   12    4    0    4    7  952]]
120 : 
              precision    recall  f1-score   support

           0       0.97      0.99      0.98       980
           1       0.99      0.99      0.99      1135
           2       0.96      0.97      0.97      1032
           3       0.96      0.96      0.96      1010
           4       0.97      0.97      0.97       982
           5       0.97      0.96      0.97       892
           6       0.98      0.98      0.98       958
           7       0.97      0.97      0.97      1028
           8       0.96      0.95      0.96       974
           9       0.96      0.95      0.95      1009

    accuracy                           0.97     10000
   macro avg       0.97      0.97      0.97     10000
weighted avg       0.97      0.97      0.97     10000

[[ 970    1    0    1    0    2    2    1    2    1]
 [   0 1120    3    3    0    2    2    0    4    1]
 [   6    0 1000    5    2    0    4    9    6    0]
 [   0    0   12  969    0    8    0    8   10    3]
 [   1    0    1    0  955    0    5    0    2   18]
 [   4    0    1   13    3  859    4    3    3    2]
 [   5    3    0    0    3    3  942    0    2    0]
 [   1    3   18    1    2    0    0  993    1    9]
 [   4    0    4    8    4    5    6    4  930    9]
 [   7    5    1   11   11    4    1    4    7  958]]
130 : 
              precision    recall  f1-score   support

           0       0.97      0.99      0.98       980
           1       0.99      0.99      0.99      1135
           2       0.96      0.97      0.97      1032
           3       0.96      0.96      0.96      1010
           4       0.98      0.97      0.98       982
           5       0.97      0.96      0.97       892
           6       0.97      0.98      0.98       958
           7       0.97      0.97      0.97      1028
           8       0.96      0.95      0.96       974
           9       0.96      0.96      0.96      1009

    accuracy                           0.97     10000
   macro avg       0.97      0.97      0.97     10000
weighted avg       0.97      0.97      0.97     10000

[[ 969    0    0    0    0    2    3    1    4    1]
 [   0 1122    2    4    1    2    2    0    2    0]
 [   5    0 1002    6    2    0    3    8    6    0]
 [   1    0   10  972    0    7    0    8    8    4]
 [   2    0    2    0  955    0    5    0    2   16]
 [   3    0    1   11    2  857   10    3    4    1]
 [   6    3    0    0    2    3  940    0    4    0]
 [   2    2   20    2    1    0    0  993    1    7]
 [   4    0    4   10    2    5    4    5  930   10]
 [   6    6    1   12    8    3    1    3    5  964]]
140 : 
              precision    recall  f1-score   support

           0       0.97      0.99      0.98       980
           1       0.99      0.99      0.99      1135
           2       0.96      0.97      0.97      1032
           3       0.96      0.97      0.96      1010
           4       0.98      0.97      0.98       982
           5       0.97      0.96      0.97       892
           6       0.98      0.98      0.98       958
           7       0.97      0.96      0.97      1028
           8       0.96      0.96      0.96       974
           9       0.96      0.95      0.95      1009

    accuracy                           0.97     10000
   macro avg       0.97      0.97      0.97     10000
weighted avg       0.97      0.97      0.97     10000

[[ 969    0    1    0    0    2    3    1    4    0]
 [   0 1121    4    3    0    2    2    0    2    1]
 [   6    0  998    7    2    0    3    9    6    1]
 [   0    0    9  975    0    7    0    9    7    3]
 [   1    0    0    0  957    0    5    0    3   16]
 [   3    0    0   14    3  855    7    1    7    2]
 [   7    3    1    0    2    4  938    0    3    0]
 [   1    5   17    1    1    0    0  992    1   10]
 [   4    0    5    8    3    6    3    4  931   10]
 [   7    5    1   11   12    4    1    5    3  960]]
150 : 
              precision    recall  f1-score   support

           0       0.97      0.99      0.98       980
           1       0.99      0.99      0.99      1135
           2       0.96      0.97      0.96      1032
           3       0.96      0.96      0.96      1010
           4       0.97      0.98      0.97       982
           5       0.98      0.96      0.97       892
           6       0.97      0.97      0.97       958
           7       0.97      0.96      0.97      1028
           8       0.96      0.96      0.96       974
           9       0.96      0.95      0.95      1009

    accuracy                           0.97     10000
   macro avg       0.97      0.97      0.97     10000
weighted avg       0.97      0.97      0.97     10000

[[ 970    0    0    0    0    2    3    1    3    1]
 [   0 1123    2    2    1    1    3    1    2    0]
 [   6    0  999    5    3    1    4    9    5    0]
 [   0    0   10  973    0    6    0    9    9    3]
 [   0    0    2    0  960    0    4    0    2   14]
 [   3    0    0   14    2  859    6    1    4    3]
 [   9    3    1    0    4    4  933    0    4    0]
 [   0    2   20    1    1    1    0  991    2   10]
 [   4    0    5    8    6    4    4    4  931    8]
 [   7    6    2   10   13    3    1    3    8  956]]
160 : 
              precision    recall  f1-score   support

           0       0.97      0.99      0.98       980
           1       0.99      0.99      0.99      1135
           2       0.96      0.97      0.96      1032
           3       0.96      0.96      0.96      1010
           4       0.97      0.97      0.97       982
           5       0.98      0.96      0.97       892
           6       0.98      0.98      0.98       958
           7       0.97      0.97      0.97      1028
           8       0.96      0.95      0.96       974
           9       0.96      0.95      0.95      1009

    accuracy                           0.97     10000
   macro avg       0.97      0.97      0.97     10000
weighted avg       0.97      0.97      0.97     10000

[[ 969    0    1    0    0    3    3    1    3    0]
 [   0 1123    2    2    2    2    2    0    2    0]
 [   6    0 1000    5    3    0    3    8    7    0]
 [   1    0   12  971    0    6    0    9    7    4]
 [   1    0    0    0  955    0    5    0    4   17]
 [   4    0    1   12    3  859    6    1    5    1]
 [   7    3    0    0    2    4  939    0    3    0]
 [   1    2   20    0    1    0    0  994    2    8]
 [   5    0    3    9    6    5    3    3  928   12]
 [   7    5    3   11   13    0    1    5    5  959]]
170 : 
              precision    recall  f1-score   support

           0       0.97      0.99      0.98       980
           1       0.99      0.99      0.99      1135
           2       0.96      0.97      0.96      1032
           3       0.96      0.96      0.96      1010
           4       0.97      0.97      0.97       982
           5       0.97      0.96      0.97       892
           6       0.97      0.98      0.98       958
           7       0.97      0.96      0.97      1028
           8       0.96      0.95      0.96       974
           9       0.96      0.95      0.95      1009

    accuracy                           0.97     10000
   macro avg       0.97      0.97      0.97     10000
weighted avg       0.97      0.97      0.97     10000

[[ 971    0    1    0    0    2    2    1    3    0]
 [   0 1124    2    3    0    2    2    1    1    0]
 [   6    0 1002    5    1    0    4    8    6    0]
 [   1    0   12  968    0    7    0    9   10    3]
 [   1    0    0    0  954    0    5    0    3   19]
 [   2    0    0   13    4  856    8    2    4    3]
 [   4    3    1    0    3    4  940    0    3    0]
 [   1    3   19    0    1    0    0  992    3    9]
 [   4    0    6    7    5    6    5    4  927   10]
 [   6    5    2   11   11    3    0    4    6  961]]
180 : 
              precision    recall  f1-score   support

           0       0.97      0.99      0.98       980
           1       0.99      0.99      0.99      1135
           2       0.97      0.97      0.97      1032
           3       0.96      0.97      0.96      1010
           4       0.98      0.97      0.98       982
           5       0.98      0.96      0.97       892
           6       0.97      0.98      0.98       958
           7       0.97      0.96      0.97      1028
           8       0.96      0.95      0.96       974
           9       0.96      0.95      0.95      1009

    accuracy                           0.97     10000
   macro avg       0.97      0.97      0.97     10000
weighted avg       0.97      0.97      0.97     10000

[[ 971    1    0    0    0    1    3    1    2    1]
 [   0 1124    2    3    0    1    3    0    2    0]
 [   5    0 1005    4    1    0    3    8    6    0]
 [   1    0    8  976    0    5    0    9    7    4]
 [   1    0    1    0  957    0    5    0    2   16]
 [   3    0    0   14    3  858    6    1    5    2]
 [   8    3    1    0    2    3  939    0    2    0]
 [   1    2   18    3    0    0    0  989    4   11]
 [   3    0    5    5    5    7    4    5  930   10]
 [   6    6    0   10   11    3    1    4    7  961]]
190 : 
              precision    recall  f1-score   support

           0       0.98      0.99      0.98       980
           1       0.99      0.99      0.99      1135
           2       0.96      0.97      0.96      1032
           3       0.96      0.96      0.96      1010
           4       0.97      0.97      0.97       982
           5       0.97      0.96      0.97       892
           6       0.97      0.98      0.98       958
           7       0.97      0.96      0.97      1028
           8       0.96      0.95      0.95       974
           9       0.95      0.95      0.95      1009

    accuracy                           0.97     10000
   macro avg       0.97      0.97      0.97     10000
weighted avg       0.97      0.97      0.97     10000

[[ 970    0    1    0    0    2    3    1    3    0]
 [   0 1122    3    3    0    2    2    1    2    0]
 [   6    0  997    6    4    0    4    9    6    0]
 [   0    0    9  973    0    9    0    9    7    3]
 [   1    0    1    0  953    0    6    0    3   18]
 [   2    1    2   14    3  857    4    2    5    2]
 [   5    3    1    0    3    3  937    0    6    0]
 [   1    5   19    2    1    0    0  987    4    9]
 [   4    0    5    8    3    6    6    4  924   14]
 [   5    6    1   11   12    4    1    3    5  961]]
200 : 
              precision    recall  f1-score   support

           0       0.97      0.99      0.98       980
           1       0.99      0.99      0.99      1135
           2       0.96      0.97      0.96      1032
           3       0.96      0.96      0.96      1010
           4       0.97      0.97      0.97       982
           5       0.97      0.96      0.97       892
           6       0.97      0.98      0.98       958
           7       0.97      0.96      0.97      1028
           8       0.95      0.96      0.96       974
           9       0.95      0.94      0.95      1009

    accuracy                           0.97     10000
   macro avg       0.97      0.97      0.97     10000
weighted avg       0.97      0.97      0.97     10000

[[ 969    0    0    0    0    1    4    1    4    1]
 [   0 1121    4    2    1    2    3    0    1    1]
 [   6    0 1001    6    1    0    3    9    6    0]
 [   0    0   10  974    0    7    0    9    8    2]
 [   1    0    2    0  954    0    4    0    3   18]
 [   3    0    1   13    2  857    7    1    6    2]
 [   5    3    0    0    3    4  939    0    4    0]
 [   1    4   20    1    1    0    0  988    2   11]
 [   4    0    5    8    3    4    4    5  931   10]
 [   6    5    0    9   16    4    1    5   10  953]]
210 : 
              precision    recall  f1-score   support

           0       0.97      0.99      0.98       980
           1       0.99      0.99      0.99      1135
           2       0.97      0.97      0.97      1032
           3       0.96      0.97      0.96      1010
           4       0.97      0.97      0.97       982
           5       0.97      0.97      0.97       892
           6       0.98      0.98      0.98       958
           7       0.98      0.96      0.97      1028
           8       0.96      0.96      0.96       974
           9       0.96      0.95      0.96      1009

    accuracy                           0.97     10000
   macro avg       0.97      0.97      0.97     10000
weighted avg       0.97      0.97      0.97     10000

[[ 967    0    0    0    0    2    5    1    4    1]
 [   0 1123    3    3    1    2    2    0    1    0]
 [   6    0 1001    5    3    0    3    8    6    0]
 [   0    0    6  975    0    8    0    8    9    4]
 [   1    0    1    0  956    0    5    0    2   17]
 [   3    0    1   11    2  864    4    1    4    2]
 [   5    3    0    0    3    4  940    0    3    0]
 [   1    5   17    2    1    0    0  992    2    8]
 [   3    0    3    9    3    5    4    4  933   10]
 [   6    6    2   11   12    2    1    3    5  961]]
220 : 
              precision    recall  f1-score   support

           0       0.97      0.99      0.98       980
           1       0.99      0.99      0.99      1135
           2       0.96      0.97      0.96      1032
           3       0.96      0.96      0.96      1010
           4       0.97      0.97      0.97       982
           5       0.98      0.96      0.97       892
           6       0.97      0.98      0.98       958
           7       0.97      0.97      0.97      1028
           8       0.96      0.95      0.95       974
           9       0.96      0.95      0.95      1009

    accuracy                           0.97     10000
   macro avg       0.97      0.97      0.97     10000
weighted avg       0.97      0.97      0.97     10000

[[ 969    0    1    0    0    2    3    1    4    0]
 [   0 1122    3    3    0    2    2    1    2    0]
 [   6    0  999    6    3    0    4    8    6    0]
 [   0    0   11  970    0    7    0    9    9    4]
 [   1    0    1    0  955    0    5    0    2   18]
 [   2    0    0   12    3  859    6    1    6    3]
 [   6    3    0    0    3    2  939    0    5    0]
 [   1    3   19    0    0    0    0  994    2    9]
 [   4    0    5    8    6    7    4    4  926   10]
 [   7    5    2   12   11    1    1    4    7  959]]
230 : 
              precision    recall  f1-score   support

           0       0.97      0.99      0.98       980
           1       0.99      0.99      0.99      1135
           2       0.96      0.97      0.96      1032
           3       0.96      0.97      0.96      1010
           4       0.97      0.98      0.98       982
           5       0.97      0.96      0.97       892
           6       0.98      0.98      0.98       958
           7       0.97      0.96      0.97      1028
           8       0.96      0.95      0.96       974
           9       0.96      0.95      0.96      1009

    accuracy                           0.97     10000
   macro avg       0.97      0.97      0.97     10000
weighted avg       0.97      0.97      0.97     10000

[[ 969    0    0    0    0    3    3    1    3    1]
 [   0 1121    3    3    0    1    3    0    3    1]
 [   6    0  998    6    3    0    3    8    8    0]
 [   0    0   11  976    0    5    0    9    7    2]
 [   1    0    1    0  960    0    5    0    2   13]
 [   3    0    1   13    5  855    5    2    6    2]
 [   5    3    0    0    2    3  941    0    4    0]
 [   1    2   20    1    1    0    0  989    3   11]
 [   4    0    6    7    4    6    3    4  929   11]
 [   5    5    2   10   10    4    1    5    4  963]]
240 : 
              precision    recall  f1-score   support

           0       0.97      0.99      0.98       980
           1       0.99      0.99      0.99      1135
           2       0.96      0.97      0.97      1032
           3       0.96      0.97      0.97      1010
           4       0.97      0.98      0.98       982
           5       0.98      0.96      0.97       892
           6       0.97      0.98      0.98       958
           7       0.97      0.97      0.97      1028
           8       0.96      0.96      0.96       974
           9       0.96      0.95      0.95      1009

    accuracy                           0.97     10000
   macro avg       0.97      0.97      0.97     10000
weighted avg       0.97      0.97      0.97     10000

[[ 971    0    0    0    0    2    2    1    3    1]
 [   0 1124    2    3    0    1    3    0    1    1]
 [   6    0 1002    5    2    0    2    9    6    0]
 [   0    0    9  978    0    5    0    8    7    3]
 [   1    0    1    0  958    0    5    0    2   15]
 [   3    0    0   11    3  858    7    3    5    2]
 [   6    3    1    0    2    5  938    0    3    0]
 [   1    2   19    0    0    0    0  993    1   12]
 [   4    0    5    7    4    3    5    4  932   10]
 [   5    5    3   11   14    3    1    5    6  956]]
250 : 
              precision    recall  f1-score   support

           0       0.97      0.99      0.98       980
           1       0.99      0.99      0.99      1135
           2       0.96      0.97      0.97      1032
           3       0.96      0.96      0.96      1010
           4       0.97      0.97      0.97       982
           5       0.97      0.97      0.97       892
           6       0.98      0.98      0.98       958
           7       0.97      0.96      0.97      1028
           8       0.96      0.95      0.96       974
           9       0.95      0.95      0.95      1009

    accuracy                           0.97     10000
   macro avg       0.97      0.97      0.97     10000
weighted avg       0.97      0.97      0.97     10000

[[ 969    1    0    0    0    3    3    1    2    1]
 [   0 1121    3    3    0    2    2    0    3    1]
 [   6    0 1002    4    2    0    4    8    6    0]
 [   1    0   12  971    0    8    0    8    8    2]
 [   1    0    2    0  951    0    4    0    2   22]
 [   3    0    0   11    3  861    5    2    5    2]
 [   7    3    0    0    4    3  938    0    3    0]
 [   1    4   19    1    0    0    0  990    2   11]
 [   6    0    4    8    5    5    3    4  928   11]
 [   6    6    2    9   11    3    1    4    4  963]]
260 : 
              precision    recall  f1-score   support

           0       0.97      0.99      0.98       980
           1       0.99      0.99      0.99      1135
           2       0.96      0.97      0.96      1032
           3       0.96      0.96      0.96      1010
           4       0.98      0.97      0.97       982
           5       0.98      0.96      0.97       892
           6       0.98      0.98      0.98       958
           7       0.97      0.97      0.97      1028
           8       0.96      0.96      0.96       974
           9       0.96      0.95      0.95      1009

    accuracy                           0.97     10000
   macro avg       0.97      0.97      0.97     10000
weighted avg       0.97      0.97      0.97     10000

[[ 968    0    0    0    0    2    4    1    4    1]
 [   0 1123    3    3    0    2    2    0    1    1]
 [   6    0  998    8    2    0    4    8    6    0]
 [   0    0   11  973    0    6    0    9    9    2]
 [   1    0    2    0  955    0    4    0    2   18]
 [   4    0    1   14    3  858    3    2    5    2]
 [   6    3    0    0    3    3  939    0    4    0]
 [   1    3   19    0    0    0    0  993    1   11]
 [   3    0    5    9    4    5    4    3  932    9]
 [   6    5    2   11   10    0    1    5    8  961]]
270 : 
              precision    recall  f1-score   support

           0       0.97      0.99      0.98       980
           1       0.99      0.99      0.99      1135
           2       0.96      0.97      0.96      1032
           3       0.96      0.96      0.96      1010
           4       0.98      0.97      0.97       982
           5       0.97      0.96      0.97       892
           6       0.98      0.98      0.98       958
           7       0.97      0.96      0.97      1028
           8       0.96      0.95      0.96       974
           9       0.96      0.95      0.96      1009

    accuracy                           0.97     10000
   macro avg       0.97      0.97      0.97     10000
weighted avg       0.97      0.97      0.97     10000

[[ 969    1    0    0    0    2    3    1    3    1]
 [   0 1123    2    3    0    2    2    1    2    0]
 [   7    0  999    4    3    0    4    9    6    0]
 [   1    0   12  972    0    7    0    9    7    2]
 [   1    0    0    0  956    0    5    0    3   17]
 [   3    0    1   15    3  855    5    2    6    2]
 [   5    3    0    0    2    4  940    0    4    0]
 [   1    3   19    2    1    0    0  989    3   10]
 [   4    0    6    4    5    6    4    3  930   12]
 [   6    5    1   10   10    1    1    4    8  963]]
280 : 
              precision    recall  f1-score   support

           0       0.97      0.99      0.98       980
           1       0.99      0.99      0.99      1135
           2       0.96      0.97      0.96      1032
           3       0.96      0.96      0.96      1010
           4       0.98      0.97      0.98       982
           5       0.97      0.96      0.97       892
           6       0.97      0.98      0.98       958
           7       0.97      0.96      0.97      1028
           8       0.96      0.96      0.96       974
           9       0.95      0.95      0.95      1009

    accuracy                           0.97     10000
   macro avg       0.97      0.97      0.97     10000
weighted avg       0.97      0.97      0.97     10000

[[ 970    0    0    0    0    1    3    1    4    1]
 [   0 1122    3    3    0    1    3    0    2    1]
 [   6    1  998    5    2    0    4    8    8    0]
 [   0    0   11  971    0    7    0    9    9    3]
 [   1    0    1    0  954    0    5    0    2   19]
 [   3    0    0   14    3  856    7    2    5    2]
 [   5    3    0    0    2    3  941    0    4    0]
 [   1    2   20    1    0    0    0  992    1   11]
 [   3    0    5    8    4    5    3    4  931   11]
 [   6    6    2   11    8    5    1    3    5  962]]
290 : 
              precision    recall  f1-score   support

           0       0.97      0.99      0.98       980
           1       0.99      0.99      0.99      1135
           2       0.96      0.97      0.96      1032
           3       0.96      0.97      0.96      1010
           4       0.98      0.97      0.97       982
           5       0.98      0.96      0.97       892
           6       0.98      0.98      0.98       958
           7       0.97      0.96      0.97      1028
           8       0.96      0.95      0.96       974
           9       0.95      0.95      0.95      1009

    accuracy                           0.97     10000
   macro avg       0.97      0.97      0.97     10000
weighted avg       0.97      0.97      0.97     10000

[[ 968    0    1    0    0    2    4    1    4    0]
 [   0 1122    3    3    0    2    3    1    1    0]
 [   6    0 1000    6    2    0    3    8    7    0]
 [   0    0    8  977    0    6    0    9    8    2]
 [   1    0    2    0  955    0    5    0    2   17]
 [   3    0    1   12    3  859    4    2    5    3]
 [   6    3    0    0    3    3  941    0    2    0]
 [   1    2   18    1    1    0    0  989    1   15]
 [   4    0    6    8    4    5    4    4  929   10]
 [   5    5    2   12   11    2    1    5    5  961]]
300 : 
              precision    recall  f1-score   support

           0       0.97      0.99      0.98       980
           1       0.99      0.99      0.99      1135
           2       0.96      0.97      0.97      1032
           3       0.97      0.96      0.96      1010
           4       0.98      0.97      0.98       982
           5       0.97      0.97      0.97       892
           6       0.97      0.98      0.98       958
           7       0.97      0.96      0.97      1028
           8       0.96      0.96      0.96       974
           9       0.95      0.95      0.95      1009

    accuracy                           0.97     10000
   macro avg       0.97      0.97      0.97     10000
weighted avg       0.97      0.97      0.97     10000

[[ 968    0    0    0    0    3    4    1    3    1]
 [   0 1122    2    3    0    2    3    0    2    1]
 [   6    0 1002    5    2    0    2    9    6    0]
 [   1    0    8  972    0    6    0   10   10    3]
 [   1    0    2    0  957    0    5    0    2   15]
 [   2    0    0    9    4  863    6    1    4    3]
 [   7    3    1    0    2    4  938    0    3    0]
 [   1    3   18    2    1    0    0  988    2   13]
 [   4    0    5    6    2    6    4    3  932   12]
 [   5    5    2    9   12    5    1    5    6  959]]
310 : 
              precision    recall  f1-score   support

           0       0.97      0.99      0.98       980
           1       0.99      0.99      0.99      1135
           2       0.96      0.97      0.96      1032
           3       0.96      0.97      0.96      1010
           4       0.98      0.97      0.97       982
           5       0.98      0.96      0.97       892
           6       0.98      0.98      0.98       958
           7       0.97      0.96      0.97      1028
           8       0.96      0.95      0.96       974
           9       0.96      0.95      0.95      1009

    accuracy                           0.97     10000
   macro avg       0.97      0.97      0.97     10000
weighted avg       0.97      0.97      0.97     10000

[[ 969    0    1    0    0    1    4    1    4    0]
 [   0 1123    2    3    0    2    2    0    2    1]
 [   6    0 1000    5    3    0    4    8    6    0]
 [   0    0   10  975    0    5    0    9    8    3]
 [   1    0    2    0  956    0    4    0    2   17]
 [   3    0    1   11    3  859    5    2    5    3]
 [   6    3    0    0    2    4  940    0    3    0]
 [   1    3   18    3    2    0    0  990    3    8]
 [   5    0    6    7    3    5    3    3  930   12]
 [   6    5    1   12   11    4    1    4    4  961]]
320 : 
              precision    recall  f1-score   support

           0       0.98      0.99      0.98       980
           1       0.99      0.99      0.99      1135
           2       0.96      0.97      0.97      1032
           3       0.96      0.97      0.96      1010
           4       0.97      0.98      0.97       982
           5       0.98      0.96      0.97       892
           6       0.98      0.98      0.98       958
           7       0.97      0.96      0.97      1028
           8       0.96      0.95      0.96       974
           9       0.96      0.95      0.95      1009

    accuracy                           0.97     10000
   macro avg       0.97      0.97      0.97     10000
weighted avg       0.97      0.97      0.97     10000

[[ 971    0    0    0    0    2    2    1    3    1]
 [   0 1122    3    3    0    2    2    0    2    1]
 [   6    0 1002    4    2    0    3    8    7    0]
 [   0    0   10  975    0    4    0    9    9    3]
 [   1    0    1    0  958    0    5    0    2   15]
 [   2    0    0   13    3  858    7    2    5    2]
 [   4    3    0    0    3    3  942    0    3    0]
 [   1    2   19    1    1    0    0  992    1   11]
 [   4    0    4   11    6    4    4    4  925   12]
 [   6    5    2   13   11    1    1    4    5  961]]
330 : 
              precision    recall  f1-score   support

           0       0.97      0.99      0.98       980
           1       0.99      0.99      0.99      1135
           2       0.96      0.97      0.96      1032
           3       0.96      0.97      0.96      1010
           4       0.98      0.97      0.98       982
           5       0.98      0.97      0.97       892
           6       0.98      0.98      0.98       958
           7       0.97      0.96      0.97      1028
           8       0.96      0.96      0.96       974
           9       0.96      0.95      0.96      1009

    accuracy                           0.97     10000
   macro avg       0.97      0.97      0.97     10000
weighted avg       0.97      0.97      0.97     10000

[[ 971    0    1    0    0    2    2    1    3    0]
 [   0 1121    3    3    0    2    3    0    2    1]
 [   6    0 1002    5    2    0    3    8    6    0]
 [   0    0   10  975    0    4    0    9    9    3]
 [   1    0    1    0  957    0    5    0    2   16]
 [   3    0    1   13    3  861    5    1    4    1]
 [   7    3    0    0    4    4  937    0    3    0]
 [   1    3   18    2    0    0    0  990    2   12]
 [   4    0    7    6    5    5    2    4  931   10]
 [   7    6    2    9   10    2    1    4    6  962]]
340 : 
              precision    recall  f1-score   support

           0       0.97      0.99      0.98       980
           1       0.99      0.99      0.99      1135
           2       0.96      0.97      0.96      1032
           3       0.97      0.96      0.97      1010
           4       0.98      0.97      0.98       982
           5       0.97      0.96      0.97       892
           6       0.97      0.98      0.98       958
           7       0.97      0.96      0.97      1028
           8       0.96      0.95      0.96       974
           9       0.96      0.95      0.95      1009

    accuracy                           0.97     10000
   macro avg       0.97      0.97      0.97     10000
weighted avg       0.97      0.97      0.97     10000

[[ 969    0    0    0    0    2    3    1    4    1]
 [   0 1122    3    3    0    2    2    0    2    1]
 [   6    0 1000    5    3    0    3    9    6    0]
 [   0    0   10  974    0    7    0    9    7    3]
 [   1    0    1    0  957    0    6    0    2   15]
 [   3    0    1    9    3  858    7    3    5    3]
 [   5    3    1    0    3    4  939    0    3    0]
 [   1    3   18    0    1    0    0  992    1   12]
 [   4    0    6    8    4    5    4    4  929   10]
 [   8    5    2    9   10    3    1    5    6  960]]
350 : 
              precision    recall  f1-score   support

           0       0.97      0.99      0.98       980
           1       0.99      0.99      0.99      1135
           2       0.96      0.97      0.97      1032
           3       0.96      0.97      0.96      1010
           4       0.98      0.97      0.97       982
           5       0.98      0.96      0.97       892
           6       0.97      0.98      0.98       958
           7       0.97      0.97      0.97      1028
           8       0.96      0.95      0.96       974
           9       0.96      0.95      0.96      1009

    accuracy                           0.97     10000
   macro avg       0.97      0.97      0.97     10000
weighted avg       0.97      0.97      0.97     10000

[[ 970    0    1    0    0    2    3    1    3    0]
 [   0 1121    3    3    0    2    3    0    2    1]
 [   6    0 1000    5    3    0    4    8    6    0]
 [   0    0    9  976    0    6    0    8    8    3]
 [   1    0    1    0  955    0    6    0    3   16]
 [   2    0    0   13    4  858    6    1    6    2]
 [   5    3    0    0    2    3  941    0    4    0]
 [   1    2   19    0    0    0    0  994    2   10]
 [   3    0    6    9    5    5    3    5  930    8]
 [   7    5    1   10    9    2    1    5    6  963]]
360 : 
              precision    recall  f1-score   support

           0       0.97      0.99      0.98       980
           1       0.99      0.99      0.99      1135
           2       0.96      0.97      0.97      1032
           3       0.96      0.97      0.96      1010
           4       0.98      0.97      0.97       982
           5       0.98      0.97      0.97       892
           6       0.97      0.98      0.98       958
           7       0.97      0.96      0.97      1028
           8       0.96      0.95      0.96       974
           9       0.95      0.95      0.95      1009

    accuracy                           0.97     10000
   macro avg       0.97      0.97      0.97     10000
weighted avg       0.97      0.97      0.97     10000

[[ 968    0    0    0    0    3    4    1    3    1]
 [   0 1122    3    3    0    2    2    0    2    1]
 [   6    0 1000    5    2    0    4    9    6    0]
 [   0    0   10  977    0    5    0    8    8    2]
 [   1    0    0    0  955    0    5    0    3   18]
 [   3    0    0   12    3  863    5    1    4    1]
 [   5    3    0    0    3    4  940    0    3    0]
 [   1    3   17    1    2    0    0  990    1   13]
 [   5    0    5    7    3    5    4    4  930   11]
 [   5    5    3   11   10    3    1    5    5  961]]
370 : 
              precision    recall  f1-score   support

           0       0.97      0.99      0.98       980
           1       0.99      0.99      0.99      1135
           2       0.96      0.97      0.97      1032
           3       0.96      0.97      0.96      1010
           4       0.98      0.97      0.97       982
           5       0.98      0.96      0.97       892
           6       0.98      0.98      0.98       958
           7       0.97      0.96      0.97      1028
           8       0.96      0.95      0.96       974
           9       0.96      0.95      0.95      1009

    accuracy                           0.97     10000
   macro avg       0.97      0.97      0.97     10000
weighted avg       0.97      0.97      0.97     10000

[[ 970    0    0    0    0    3    2    1    3    1]
 [   0 1123    2    3    0    2    2    1    2    0]
 [   6    0 1001    4    2    0    4    9    6    0]
 [   0    0   10  975    0    5    0    9    9    2]
 [   1    0    1    0  955    0    4    0    5   16]
 [   3    0    0   14    3  856    7    2    4    3]
 [   6    3    0    0    4    4  937    0    4    0]
 [   1    3   19    0    1    0    0  991    2   11]
 [   3    0    5   10    3    5    4    4  930   10]
 [   7    5    1   11   11    2    1    4    7  960]]
380 : 
              precision    recall  f1-score   support

           0       0.97      0.99      0.98       980
           1       0.99      0.99      0.99      1135
           2       0.96      0.97      0.97      1032
           3       0.96      0.97      0.96      1010
           4       0.98      0.97      0.98       982
           5       0.98      0.96      0.97       892
           6       0.97      0.98      0.98       958
           7       0.97      0.97      0.97      1028
           8       0.96      0.95      0.96       974
           9       0.96      0.95      0.96      1009

    accuracy                           0.97     10000
   macro avg       0.97      0.97      0.97     10000
weighted avg       0.97      0.97      0.97     10000

[[ 971    0    0    0    0    1    2    1    4    1]
 [   0 1122    3    3    0    1    3    1    2    0]
 [   6    1 1000    5    2    0    4    8    6    0]
 [   0    0    7  976    0    7    0    9    7    4]
 [   1    0    0    0  956    0    5    0    3   17]
 [   3    0    0   14    3  859    6    1    4    2]
 [   6    3    1    0    3    4  937    0    4    0]
 [   1    2   18    0    2    0    0  993    3    9]
 [   4    0    6    9    3    6    4    4  928   10]
 [   7    5    2   11    9    3    1    4    4  963]]
390 : 
              precision    recall  f1-score   support

           0       0.97      0.99      0.98       980
           1       0.99      0.99      0.99      1135
           2       0.96      0.97      0.97      1032
           3       0.96      0.97      0.96      1010
           4       0.98      0.97      0.98       982
           5       0.98      0.96      0.97       892
           6       0.97      0.98      0.98       958
           7       0.97      0.97      0.97      1028
           8       0.96      0.96      0.96       974
           9       0.96      0.95      0.96      1009

    accuracy                           0.97     10000
   macro avg       0.97      0.97      0.97     10000
weighted avg       0.97      0.97      0.97     10000

[[ 970    1    0    0    0    3    3    1    2    0]
 [   0 1124    2    3    0    2    2    1    1    0]
 [   7    0 1000    4    3    0    4    8    6    0]
 [   0    0   10  975    0    5    0    9    8    3]
 [   1    0    1    0  956    0    6    0    2   16]
 [   2    0    1   14    3  859    5    2    4    2]
 [   6    3    1    0    2    4  939    0    3    0]
 [   1    3   17    3    0    0    0  993    1   10]
 [   4    0    6    9    2    4    5    4  932    8]
 [   5    5    2    9   10    1    1    5    8  963]]
400 : 
              precision    recall  f1-score   support

           0       0.98      0.99      0.98       980
           1       0.99      0.99      0.99      1135
           2       0.96      0.97      0.96      1032
           3       0.96      0.96      0.96      1010
           4       0.98      0.97      0.97       982
           5       0.98      0.96      0.97       892
           6       0.97      0.98      0.98       958
           7       0.97      0.97      0.97      1028
           8       0.96      0.96      0.96       974
           9       0.96      0.96      0.96      1009

    accuracy                           0.97     10000
   macro avg       0.97      0.97      0.97     10000
weighted avg       0.97      0.97      0.97     10000

[[ 971    0    0    0    0    1    3    1    3    1]
 [   0 1123    3    2    0    1    4    0    1    1]
 [   6    0  998    7    3    0    4    8    6    0]
 [   0    0    9  974    0    8    0    9    8    2]
 [   1    0    1    0  954    0    6    0    2   18]
 [   2    0    1   11    3  860    5    1    6    3]
 [   5    3    0    0    2    5  939    0    4    0]
 [   1    2   18    0    1    0    0  993    2   11]
 [   3    0    6    6    3    5    4    4  934    9]
 [   5    5    2   10    9    1    1    4    7  965]]
410 : 
              precision    recall  f1-score   support

           0       0.97      0.99      0.98       980
           1       0.99      0.99      0.99      1135
           2       0.96      0.97      0.96      1032
           3       0.96      0.96      0.96      1010
           4       0.97      0.97      0.97       982
           5       0.98      0.96      0.97       892
           6       0.97      0.98      0.98       958
           7       0.97      0.96      0.97      1028
           8       0.96      0.95      0.96       974
           9       0.96      0.95      0.96      1009

    accuracy                           0.97     10000
   macro avg       0.97      0.97      0.97     10000
weighted avg       0.97      0.97      0.97     10000

[[ 969    0    1    0    0    2    4    1    3    0]
 [   0 1122    3    3    0    1    4    1    1    0]
 [   6    0 1000    6    3    0    4    8    5    0]
 [   1    0   11  970    0    7    0    9    8    4]
 [   1    0    1    0  955    0    4    0    3   18]
 [   2    0    1   12    4  859    6    1    5    2]
 [   6    3    0    0    3    3  939    0    4    0]
 [   1    4   17    2    1    0    0  992    2    9]
 [   4    0    6    7    5    5    4    4  929   10]
 [   6    5    2   11   10    3    1    4    4  963]]
420 : 
              precision    recall  f1-score   support

           0       0.98      0.99      0.98       980
           1       0.99      0.99      0.99      1135
           2       0.96      0.97      0.96      1032
           3       0.96      0.96      0.96      1010
           4       0.98      0.97      0.98       982
           5       0.97      0.97      0.97       892
           6       0.98      0.98      0.98       958
           7       0.97      0.96      0.97      1028
           8       0.96      0.96      0.96       974
           9       0.96      0.95      0.96      1009

    accuracy                           0.97     10000
   macro avg       0.97      0.97      0.97     10000
weighted avg       0.97      0.97      0.97     10000

[[ 969    1    0    0    0    3    3    1    2    1]
 [   0 1123    2    3    0    1    3    0    2    1]
 [   5    0 1002    5    2    0    4    8    6    0]
 [   0    0   12  974    0    6    0    8    8    2]
 [   1    0    2    0  957    0    4    0    2   16]
 [   2    0    0   12    3  861    6    1    5    2]
 [   6    3    0    0    3    5  937    0    4    0]
 [   1    3   20    0    1    0    0  992    2    9]
 [   3    0    6    8    5    5    3    3  931   10]
 [   5    5    2   10   10    3    1    5    6  962]]
430 : 
              precision    recall  f1-score   support

           0       0.97      0.99      0.98       980
           1       0.99      0.99      0.99      1135
           2       0.96      0.97      0.97      1032
           3       0.96      0.97      0.96      1010
           4       0.98      0.97      0.98       982
           5       0.98      0.96      0.97       892
           6       0.98      0.98      0.98       958
           7       0.97      0.96      0.97      1028
           8       0.96      0.95      0.96       974
           9       0.95      0.95      0.95      1009

    accuracy                           0.97     10000
   macro avg       0.97      0.97      0.97     10000
weighted avg       0.97      0.97      0.97     10000

[[ 969    0    0    0    0    2    3    1    4    1]
 [   0 1123    3    3    0    1    3    0    1    1]
 [   6    0 1002    4    1    0    4    8    7    0]
 [   0    0    8  976    0    6    0    9    8    3]
 [   1    0    1    0  957    0    5    0    2   16]
 [   3    0    0   14    3  859    5    1    5    2]
 [   5    3    1    0    3    4  938    0    4    0]
 [   1    5   19    0    2    0    0  988    1   12]
 [   3    0    5   10    3    5    3    4  930   11]
 [   6    5    1   10   12    2    1    5    6  961]]
440 : 
              precision    recall  f1-score   support

           0       0.97      0.99      0.98       980
           1       0.99      0.99      0.99      1135
           2       0.96      0.97      0.96      1032
           3       0.96      0.97      0.96      1010
           4       0.97      0.97      0.97       982
           5       0.98      0.96      0.97       892
           6       0.98      0.98      0.98       958
           7       0.97      0.96      0.97      1028
           8       0.96      0.95      0.96       974
           9       0.95      0.95      0.95      1009

    accuracy                           0.97     10000
   macro avg       0.97      0.97      0.97     10000
weighted avg       0.97      0.97      0.97     10000

[[ 970    0    0    0    0    2    3    1    3    1]
 [   0 1123    3    3    0    2    2    0    1    1]
 [   6    0  999    6    3    0    4    8    6    0]
 [   0    0   10  976    0    6    0    9    6    3]
 [   1    0    3    0  954    0    4    0    2   18]
 [   3    0    0   14    3  859    5    2    5    1]
 [   6    3    0    0    4    4  938    0    3    0]
 [   1    3   19    1    2    0    0  989    2   11]
 [   4    0    6    7    5    5    3    3  929   12]
 [   6    5    0   11   10    1    1    5    7  963]]
450 : 
              precision    recall  f1-score   support

           0       0.98      0.99      0.98       980
           1       0.99      0.99      0.99      1135
           2       0.96      0.97      0.97      1032
           3       0.96      0.97      0.96      1010
           4       0.97      0.98      0.98       982
           5       0.98      0.96      0.97       892
           6       0.98      0.98      0.98       958
           7       0.97      0.97      0.97      1028
           8       0.96      0.95      0.96       974
           9       0.96      0.95      0.95      1009

    accuracy                           0.97     10000
   macro avg       0.97      0.97      0.97     10000
weighted avg       0.97      0.97      0.97     10000

[[ 970    1    0    0    0    3    2    1    2    1]
 [   0 1123    3    3    0    1    3    0    1    1]
 [   6    0 1002    4    3    0    3    8    6    0]
 [   0    0    8  975    0    7    0    9    7    4]
 [   1    0    0    0  959    0    5    0    3   14]
 [   2    0    1   14    3  859    5    1    5    2]
 [   5    3    0    0    2    4  940    0    4    0]
 [   1    2   18    1    1    0    0  994    1   10]
 [   3    0    5    8    4    5    4    4  930   11]
 [   5    6    2   11   12    2    1    3    6  961]]
460 : 
              precision    recall  f1-score   support

           0       0.97      0.99      0.98       980
           1       0.99      0.99      0.99      1135
           2       0.96      0.97      0.97      1032
           3       0.96      0.97      0.96      1010
           4       0.97      0.97      0.97       982
           5       0.98      0.96      0.97       892
           6       0.98      0.98      0.98       958
           7       0.97      0.96      0.97      1028
           8       0.96      0.95      0.96       974
           9       0.95      0.95      0.95      1009

    accuracy                           0.97     10000
   macro avg       0.97      0.97      0.97     10000
weighted avg       0.97      0.97      0.97     10000

[[ 970    0    0    0    0    1    3    1    4    1]
 [   0 1124    3    2    0    2    2    0    1    1]
 [   6    0 1003    3    3    0    3    8    6    0]
 [   0    0   10  975    0    6    0    8    8    3]
 [   1    0    1    0  956    0    5    0    2   17]
 [   3    0    0   12    3  857    7    2    5    3]
 [   7    3    0    0    2    3  940    0    3    0]
 [   1    2   21    0    2    0    0  992    1    9]
 [   4    0    7    8    3    5    2    4  929   12]
 [   6    5    1   11   12    3    1    4    7  959]]
470 : 
              precision    recall  f1-score   support

           0       0.97      0.99      0.98       980
           1       0.99      0.99      0.99      1135
           2       0.96      0.97      0.97      1032
           3       0.96      0.96      0.96      1010
           4       0.98      0.97      0.97       982
           5       0.98      0.96      0.97       892
           6       0.97      0.98      0.98       958
           7       0.97      0.96      0.97      1028
           8       0.96      0.96      0.96       974
           9       0.95      0.96      0.95      1009

    accuracy                           0.97     10000
   macro avg       0.97      0.97      0.97     10000
weighted avg       0.97      0.97      0.97     10000

[[ 969    0    0    0    0    1    4    1    4    1]
 [   0 1123    3    3    0    1    3    0    1    1]
 [   6    0 1002    3    3    0    4    8    6    0]
 [   0    0   10  972    0    7    0    9    8    4]
 [   1    0    2    0  954    0    4    0    2   19]
 [   3    0    0   13    3  857    6    1    5    4]
 [   6    3    0    0    3    4  939    0    3    0]
 [   1    2   18    1    1    0    0  992    2   11]
 [   3    0    6    7    4    5    4    4  931   10]
 [   7    5    1   10    9    3    1    4    5  964]]
480 : 
              precision    recall  f1-score   support

           0       0.97      0.99      0.98       980
           1       0.99      0.99      0.99      1135
           2       0.96      0.97      0.97      1032
           3       0.96      0.96      0.96      1010
           4       0.98      0.97      0.98       982
           5       0.97      0.96      0.97       892
           6       0.97      0.98      0.98       958
           7       0.97      0.97      0.97      1028
           8       0.96      0.95      0.96       974
           9       0.96      0.96      0.96      1009

    accuracy                           0.97     10000
   macro avg       0.97      0.97      0.97     10000
weighted avg       0.97      0.97      0.97     10000

[[ 968    0    1    0    0    2    4    1    4    0]
 [   0 1123    3    3    0    2    2    0    1    1]
 [   6    0 1000    5    3    0    4    8    6    0]
 [   0    0    9  974    0    6    0    9    8    4]
 [   1    0    1    0  957    0    4    0    3   16]
 [   3    0    0   12    3  856    7    2    6    3]
 [   6    3    0    0    2    3  941    0    3    0]
 [   1    2   17    1    1    0    0  994    2   10]
 [   4    0    6    8    4    6    5    5  925   11]
 [   5    5    2   10    9    4    1    4    4  965]]
490 : 
              precision    recall  f1-score   support

           0       0.97      0.99      0.98       980
           1       0.99      0.99      0.99      1135
           2       0.96      0.97      0.97      1032
           3       0.96      0.96      0.96      1010
           4       0.97      0.97      0.97       982
           5       0.98      0.97      0.97       892
           6       0.97      0.98      0.98       958
           7       0.97      0.96      0.97      1028
           8       0.96      0.95      0.96       974
           9       0.96      0.95      0.95      1009

    accuracy                           0.97     10000
   macro avg       0.97      0.97      0.97     10000
weighted avg       0.97      0.97      0.97     10000

[[ 970    0    0    0    0    2    4    1    3    0]
 [   0 1123    3    3    0    2    2    0    2    0]
 [   6    0 1000    5    3    0    4    8    6    0]
 [   0    0   10  974    0    6    0    9    8    3]
 [   1    0    0    0  955    0    5    0    3   18]
 [   3    0    0   11    3  861    6    1    5    2]
 [   6    3    0    0    3    2  940    0    4    0]
 [   1    3   19    1    1    0    0  992    1   10]
 [   4    0    5    8    4    6    4    3  928   12]
 [   7    6    1   10   12    1    1    4    7  960]]
500 : 
              precision    recall  f1-score   support

           0       0.97      0.99      0.98       980
           1       0.99      0.99      0.99      1135
           2       0.96      0.97      0.97      1032
           3       0.96      0.97      0.96      1010
           4       0.98      0.97      0.97       982
           5       0.97      0.96      0.97       892
           6       0.98      0.98      0.98       958
           7       0.97      0.97      0.97      1028
           8       0.97      0.95      0.96       974
           9       0.96      0.95      0.95      1009

    accuracy                           0.97     10000
   macro avg       0.97      0.97      0.97     10000
weighted avg       0.97      0.97      0.97     10000

[[ 971    0    1    0    0    2    2    1    3    0]
 [   0 1123    3    3    0    2    2    0    1    1]
 [   6    0 1002    3    3    0    4    8    6    0]
 [   0    0    9  975    0    6    0    9    7    4]
 [   1    0    2    0  956    0    4    0    2   17]
 [   2    0    0   12    3  858    7    3    4    3]
 [   7    3    0    0    2    3  941    0    2    0]
 [   1    2   18    2    1    0    0  993    2    9]
 [   4    0    5    7    5    6    3    4  930   10]
 [   7    5    1   10   10    4    1    5    6  960]]


Ran 1 test in 7189.903s

OK
